[gd_scene load_steps=18 format=3 uid="uid://bv0rwydo3odmv"]

[ext_resource type="PackedScene" uid="uid://dcesl64wxrgro" path="res://Maps/Campaign/CampaignLevel.tscn" id="1_l4ff0"]
[ext_resource type="Texture2D" uid="uid://dm4fw4cn6xt2m" path="res://Maps/Campaign/Materials/Campaign1_tex_7.png" id="2_4rklu"]
[ext_resource type="PackedScene" uid="uid://bjvof25uwl8sb" path="res://Characters/Multiplayer/Player.tscn" id="2_dt1qx"]
[ext_resource type="Script" path="res://Maps/Campaign/CampaignPlayers.gd" id="2_nadqn"]
[ext_resource type="PackedScene" uid="uid://la6he6vwubnb" path="res://Characters/Campaign/CampaignEnemy.tscn" id="4_yerhm"]

[sub_resource type="ProceduralSkyMaterial" id="ProceduralSkyMaterial_101rf"]
sky_top_color = Color(0, 0, 0, 1)
sky_horizon_color = Color(0, 0, 0, 1)
ground_bottom_color = Color(0, 0, 0, 1)
ground_horizon_color = Color(0, 0, 0, 1)
sun_angle_max = 16.18
sun_curve = 0.522331

[sub_resource type="Sky" id="Sky_mwba1"]
sky_material = SubResource("ProceduralSkyMaterial_101rf")

[sub_resource type="Environment" id="Environment_8pkur"]
background_mode = 2
sky = SubResource("Sky_mwba1")
ambient_light_color = Color(0.929688, 0.874963, 0.853858, 1)
ambient_light_sky_contribution = 0.07

[sub_resource type="NavigationMesh" id="NavigationMesh_ocw6n"]
vertices = PackedVector3Array(-6.25, 0.099999, -7, -3.25, 0.099999, -7.5, -3.25, 0.099999, -11.75, -11.75, 0.099999, -5.75, -6.5, 0.099999, -5.75, -6.25, 0.099999, -7, -6.25, 0.099999, -7, -3.25, 0.099999, -11.75, -11.75, 0.099999, -11.75, -11.75, 0.099999, -5.75, -0.25, 0.099999, -6.5, -0.5, 0.099999, -5.25, 1.5, 0.099999, -5, 2, 0.099999, -6, 3.75, 0.099999, -8, 5.5, 0.099999, -8.5, 5.5, 0.099999, -11.75, -3.25, 0.099999, -11.75, -3.25, 0.099999, -7.5, -0.75, 0.099999, -7, 2, 0.099999, -6, 3.25, 0.099999, -6.75, 3.75, 0.099999, -8, -0.75, 0.099999, -7, -0.25, 0.099999, -6.5, 5.5, 0.099999, -11.75, 5.5, 0.099999, -8.5, 6.5, 0.099999, -8.25, 11.75, 0.099999, -11.75, 6.5, 0.099999, -8.25, 7.5, 0.099999, -4.25, 11.75, 0.099999, -4.25, 11.75, 0.099999, -11.75, 4.75, 0.099999, -6.75, 5, 0.099999, -6.25, 5.5, 0.099999, -6.5, 5.25, 0.099999, -7, -2.5, 0.099999, -6, -2.5, 0.099999, -5.25, -2, 0.099999, -5.25, -5.25, 0.099999, -2.75, -5.5, 0.099999, -3.75, -6.25, 0.099999, -4, -11.75, 0.099999, -5.75, -11.75, 0.099999, 7, -8, 0.099999, 7, -6.5, 0.099999, 4.75, -4, 0.099999, -1.5, -5.25, 0.099999, -2.75, -11.75, 0.099999, -5.75, -6.25, 0.099999, -4, -6.5, 0.099999, -5.75, -11.75, 0.099999, -5.75, -6.5, 0.099999, 4.75, -4.25, 0.099999, 4, -4, 0.099999, -1.5, -5, 0.099999, -5.75, -5, 0.099999, -5.25, -4.25, 0.099999, -5.25, -4.25, 0.099999, -5.75, 4.5, 4.1, -5, 5.5, 4.1, -5, 5.25, 4.1, -5.75, 4.5, 4.1, -5.5, 4.5, 2.1, -5.5, 5.25, 2.1, -5, 5.25, 2.1, -5.75, -4, 4.1, -5, -3.75, 4.1, -4.25, -3, 4.1, -4.5, -3.25, 4.1, -5.25, 1.5, 0.099999, -4, 1.5, 0.099999, -5, -0.5, 0.099999, -5.25, -1.5, 0.099999, -3.75, -1.5, 0.099999, -2.75, -2.5, 0.099999, 7, -2.5, 0.099999, 8, 3.5, 0.099999, 6.75, -2.5, 0.099999, 7, 3.5, 0.099999, 6.75, 3.75, 0.099999, 4.5, 3.5, 0.099999, -2.75, -3, 0.099999, -1.5, -4.25, 0.099999, 4, 3.5, 0.099999, -2.75, 1.5, 0.099999, -4, -1.5, 0.099999, -2.75, -3, 0.099999, -1.5, -3, 0.099999, -1.5, -4, 0.099999, -1.5, -4.25, 0.099999, 4, 3.25, 0.099999, -5.25, 3.25, 0.099999, -4.5, 3.75, 0.099999, -4.5, 5.5, 0.099999, -4, 6.25, 0.099999, -3.75, 6.25, 0.099999, -4.5, 5.5, 0.099999, -4.5, 6.25, 0.099999, 4.25, 6.75, 0.099999, 4.75, 8, 0.099999, 4.5, 7, 0.099999, -2.5, 8, 0.099999, 4.5, 9.75, 0.099999, 6.5, 11.75, 0.099999, 6.5, 11.75, 0.099999, -4.25, 7.5, 0.099999, -3, 7, 0.099999, -2.5, 11.75, 0.099999, -4.25, 7.5, 0.099999, -4.25, 7.5, 0.099999, -3, 7, 0.099999, -2.5, 3.5, 0.099999, -2.75, 4, 0.099999, 4, 6.25, 0.099999, 4.25, 3.5, 0.099999, -2.75, 3.75, 0.099999, 4.5, 4, 0.099999, 4, -3.75, 0.099999, -3.5, -3.5, 0.099999, -3, -3, 0.099999, -3.25, -3.25, 0.099999, -3.75, 5, 0.099999, 5.5, 5, 0.099999, 6.25, 5.5, 0.099999, 6.25, 5.5, 0.099999, 5.5, -5.25, 0.099999, 5.75, -5.25, 0.099999, 6.5, -4.75, 0.099999, 6.25, -4.75, 0.099999, 5.75, 7.25, 0.099999, 6.5, 7.5, 0.099999, 7, 8, 0.099999, 6.75, 7.75, 0.099999, 6.25, 6, 4.1, 7.5, 7, 4.1, 7, 6.75, 4.1, 6.5, 5.75, 4.1, 6.75, -8.5, 0.099999, 7.5, -8, 0.099999, 7, -11.75, 0.099999, 7, 4.5, 0.099999, 10, 4, 0.099999, 7.25, 3.5, 0.099999, 6.75, -2.5, 0.099999, 8, -2.75, 0.099999, 10, -8.5, 0.099999, 8.75, -8.5, 0.099999, 7.5, -11.75, 0.099999, 7, -8.5, 0.099999, 8.75, -11.75, 0.099999, 7, -11.75, 0.099999, 11.75, -6.75, 0.099999, 10, 11.75, 0.099999, 6.5, 9.75, 0.099999, 6.5, 7.5, 0.099999, 9.5, 11.75, 0.099999, 11.75, 5.5, 0.099999, 10.25, 4.5, 0.099999, 10, -2.75, 0.099999, 10, -2.75, 0.099999, 10, -6.75, 0.099999, 10, -11.75, 0.099999, 11.75, 11.75, 0.099999, 11.75, 5.5, 0.099999, 10.25, 11.75, 0.099999, 11.75, 7.5, 0.099999, 9.5, 5.5, 0.099999, 10.25, 6, 2.1, 6.75, 6, 2.1, 7.25, 6.75, 2.1, 7, -5.5, 4.1, 7, -5.5, 4.1, 7.75, -4.75, 4.1, 7.75, -4.75, 4.1, 7, -5.5, 2.1, 7.25, -5, 2.1, 7.75, -5, 2.1, 7, -6.75, 0.099999, 7.5, -6.75, 0.099999, 8.25, -6.25, 0.099999, 8.25, -4.5, 0.099999, 8, -4.5, 0.099999, 8.75, -3.75, 0.099999, 8.75, -3.75, 0.099999, 8, 5.5, 0.099999, 8, 5.5, 0.099999, 8.5, 6, 0.099999, 8.5, 6, 0.099999, 8)
polygons = [PackedInt32Array(0, 2, 1), PackedInt32Array(3, 5, 4), PackedInt32Array(9, 8, 6), PackedInt32Array(6, 8, 7), PackedInt32Array(11, 10, 12), PackedInt32Array(12, 10, 13), PackedInt32Array(15, 14, 16), PackedInt32Array(16, 14, 19), PackedInt32Array(16, 19, 18), PackedInt32Array(16, 18, 17), PackedInt32Array(21, 20, 22), PackedInt32Array(22, 20, 24), PackedInt32Array(22, 24, 23), PackedInt32Array(26, 25, 27), PackedInt32Array(27, 25, 28), PackedInt32Array(30, 29, 31), PackedInt32Array(31, 29, 32), PackedInt32Array(36, 35, 33), PackedInt32Array(33, 35, 34), PackedInt32Array(39, 38, 37), PackedInt32Array(41, 40, 42), PackedInt32Array(42, 40, 43), PackedInt32Array(45, 44, 46), PackedInt32Array(46, 44, 47), PackedInt32Array(47, 44, 48), PackedInt32Array(48, 44, 49), PackedInt32Array(52, 51, 50), PackedInt32Array(55, 54, 53), PackedInt32Array(59, 58, 56), PackedInt32Array(56, 58, 57), PackedInt32Array(63, 62, 60), PackedInt32Array(60, 62, 61), PackedInt32Array(66, 65, 64), PackedInt32Array(70, 69, 67), PackedInt32Array(67, 69, 68), PackedInt32Array(72, 71, 73), PackedInt32Array(73, 71, 74), PackedInt32Array(74, 71, 75), PackedInt32Array(78, 77, 76), PackedInt32Array(80, 79, 81), PackedInt32Array(81, 79, 84), PackedInt32Array(81, 84, 83), PackedInt32Array(81, 83, 82), PackedInt32Array(87, 86, 88), PackedInt32Array(88, 86, 85), PackedInt32Array(91, 90, 89), PackedInt32Array(94, 93, 92), PackedInt32Array(98, 97, 95), PackedInt32Array(95, 97, 96), PackedInt32Array(100, 99, 101), PackedInt32Array(101, 99, 102), PackedInt32Array(104, 103, 105), PackedInt32Array(105, 103, 108), PackedInt32Array(105, 108, 107), PackedInt32Array(105, 107, 106), PackedInt32Array(111, 110, 109), PackedInt32Array(115, 114, 112), PackedInt32Array(112, 114, 113), PackedInt32Array(118, 117, 116), PackedInt32Array(122, 121, 119), PackedInt32Array(119, 121, 120), PackedInt32Array(126, 125, 123), PackedInt32Array(123, 125, 124), PackedInt32Array(130, 129, 127), PackedInt32Array(127, 129, 128), PackedInt32Array(134, 133, 131), PackedInt32Array(131, 133, 132), PackedInt32Array(137, 136, 138), PackedInt32Array(138, 136, 135), PackedInt32Array(141, 140, 139), PackedInt32Array(143, 142, 144), PackedInt32Array(144, 142, 145), PackedInt32Array(145, 142, 146), PackedInt32Array(149, 148, 147), PackedInt32Array(150, 153, 151), PackedInt32Array(151, 153, 152), PackedInt32Array(155, 154, 156), PackedInt32Array(156, 154, 157), PackedInt32Array(160, 159, 158), PackedInt32Array(162, 161, 163), PackedInt32Array(163, 161, 165), PackedInt32Array(163, 165, 164), PackedInt32Array(166, 168, 167), PackedInt32Array(171, 170, 169), PackedInt32Array(175, 174, 172), PackedInt32Array(172, 174, 173), PackedInt32Array(178, 177, 176), PackedInt32Array(181, 180, 179), PackedInt32Array(185, 184, 182), PackedInt32Array(182, 184, 183), PackedInt32Array(189, 188, 186), PackedInt32Array(186, 188, 187)]
cell_height = 0.05
filter_ledge_spans = true

[sub_resource type="PlaneMesh" id="PlaneMesh_cr31b"]
size = Vector2(25, 25)

[sub_resource type="StandardMaterial3D" id="StandardMaterial3D_74yqt"]
albedo_color = Color(0.496094, 0.496094, 0.496094, 1)
albedo_texture = ExtResource("2_4rklu")

[sub_resource type="BoxShape3D" id="BoxShape3D_4ou2t"]
size = Vector3(25, 0.25, 25)

[sub_resource type="PlaneMesh" id="PlaneMesh_vgkx4"]
size = Vector2(2, 25)

[sub_resource type="StandardMaterial3D" id="StandardMaterial3D_7ajyo"]
albedo_color = Color(0.496094, 0.496094, 0.496094, 1)
albedo_texture = ExtResource("2_4rklu")
uv1_scale = Vector3(0.1, 1, 1)

[sub_resource type="BoxShape3D" id="BoxShape3D_8cmr8"]
size = Vector3(2, 0.25, 25)

[sub_resource type="BoxMesh" id="BoxMesh_beyri"]
size = Vector3(2, 2, 2)

[sub_resource type="BoxShape3D" id="BoxShape3D_l6em7"]
size = Vector3(2, 2, 2)

[node name="Level" instance=ExtResource("1_l4ff0")]

[node name="Env" type="WorldEnvironment" parent="." index="0"]
environment = SubResource("Environment_8pkur")

[node name="Sun" type="DirectionalLight3D" parent="." index="1"]
transform = Transform3D(-0.866023, -0.433016, 0.250001, 0, 0.499998, 0.866027, -0.500003, 0.749999, -0.43301, 0, 0, 0)
light_color = Color(0.847059, 1, 1, 1)
shadow_enabled = true

[node name="NavReg" parent="." index="2"]
navigation_mesh = SubResource("NavigationMesh_ocw6n")

[node name="Floor" type="MeshInstance3D" parent="NavReg" index="0"]
mesh = SubResource("PlaneMesh_cr31b")
surface_material_override/0 = SubResource("StandardMaterial3D_74yqt")

[node name="StaticBody3D" type="StaticBody3D" parent="NavReg/Floor" index="0"]
collision_mask = 50

[node name="CollisionShape3D" type="CollisionShape3D" parent="NavReg/Floor/StaticBody3D" index="0"]
transform = Transform3D(1, 0, 0, 0, 1, 0, 0, 0, 1, 0, -0.125, 0)
shape = SubResource("BoxShape3D_4ou2t")

[node name="WallX+" type="MeshInstance3D" parent="NavReg" index="1"]
transform = Transform3D(4.37114e-08, -1, 8.74228e-08, -1, -4.37114e-08, 0, 3.82137e-15, -8.74228e-08, -1, 12.5, 1, 0)
mesh = SubResource("PlaneMesh_vgkx4")
surface_material_override/0 = SubResource("StandardMaterial3D_7ajyo")

[node name="StaticBody3D" type="StaticBody3D" parent="NavReg/WallX+" index="0"]
collision_mask = 51

[node name="CollisionShape3D" type="CollisionShape3D" parent="NavReg/WallX+/StaticBody3D" index="0"]
transform = Transform3D(1, 0, 0, 0, 1, 0, 0, 0, 1, 0, -0.125, 0)
shape = SubResource("BoxShape3D_8cmr8")

[node name="WallZ+" type="MeshInstance3D" parent="NavReg" index="2"]
transform = Transform3D(-5.73206e-15, 1.31134e-07, 1, -1, -4.37114e-08, 0, 4.37114e-08, -1, 1.31134e-07, 0, 1, 12.5)
mesh = SubResource("PlaneMesh_vgkx4")
surface_material_override/0 = SubResource("StandardMaterial3D_7ajyo")

[node name="StaticBody3D" type="StaticBody3D" parent="NavReg/WallZ+" index="0"]
collision_mask = 51

[node name="CollisionShape3D" type="CollisionShape3D" parent="NavReg/WallZ+/StaticBody3D" index="0"]
transform = Transform3D(1, 0, 0, 0, 1, 0, 0, 0, 1, 0, -0.125, 0)
shape = SubResource("BoxShape3D_8cmr8")

[node name="WallX-" type="MeshInstance3D" parent="NavReg" index="3"]
transform = Transform3D(-4.37114e-08, 1, 0, -1, -4.37114e-08, 0, 0, 0, 1, -12.5, 1, 0)
mesh = SubResource("PlaneMesh_vgkx4")
surface_material_override/0 = SubResource("StandardMaterial3D_7ajyo")

[node name="StaticBody3D" type="StaticBody3D" parent="NavReg/WallX-" index="0"]
collision_mask = 51

[node name="CollisionShape3D" type="CollisionShape3D" parent="NavReg/WallX-/StaticBody3D" index="0"]
transform = Transform3D(1, 0, 0, 0, 1, 0, 0, 0, 1, 0, -0.125, 0)
shape = SubResource("BoxShape3D_8cmr8")

[node name="WallZ-" type="MeshInstance3D" parent="NavReg" index="4"]
transform = Transform3D(1.91069e-15, -4.37114e-08, -1, -1, -4.37114e-08, 0, -4.37114e-08, 1, -4.37114e-08, 0, 1, -12.5)
mesh = SubResource("PlaneMesh_vgkx4")
surface_material_override/0 = SubResource("StandardMaterial3D_7ajyo")

[node name="StaticBody3D" type="StaticBody3D" parent="NavReg/WallZ-" index="0"]
collision_mask = 51

[node name="CollisionShape3D" type="CollisionShape3D" parent="NavReg/WallZ-/StaticBody3D" index="0"]
transform = Transform3D(1, 0, 0, 0, 1, 0, 0, 0, 1, 0, -0.125, 0)
shape = SubResource("BoxShape3D_8cmr8")

[node name="Box1" type="MeshInstance3D" parent="NavReg" index="5"]
transform = Transform3D(0.822898, 0, -0.568188, 0, 1, 0, 0.568188, 0, 0.822898, -6.55802, 1, 7.96631)
mesh = SubResource("BoxMesh_beyri")

[node name="StaticBody3D" type="StaticBody3D" parent="NavReg/Box1" index="0"]
collision_mask = 50

[node name="CollisionShape3D" type="CollisionShape3D" parent="NavReg/Box1/StaticBody3D" index="0"]
shape = SubResource("BoxShape3D_l6em7")

[node name="Box2" type="MeshInstance3D" parent="NavReg" index="6"]
transform = Transform3D(0.997909, 0, -0.0646369, 0, 1, 0, 0.0646369, 0, 0.997909, -4.11387, 1, 8.345)
mesh = SubResource("BoxMesh_beyri")

[node name="StaticBody3D" type="StaticBody3D" parent="NavReg/Box2" index="0"]
collision_mask = 50

[node name="CollisionShape3D" type="CollisionShape3D" parent="NavReg/Box2/StaticBody3D" index="0"]
shape = SubResource("BoxShape3D_l6em7")

[node name="Box3" type="MeshInstance3D" parent="NavReg" index="7"]
transform = Transform3D(0.905798, 0, 0.423709, 0, 1, 0, -0.423709, 0, 0.905798, -4.98456, 1, 6.04625)
mesh = SubResource("BoxMesh_beyri")

[node name="StaticBody3D" type="StaticBody3D" parent="NavReg/Box3" index="0"]
collision_mask = 50

[node name="CollisionShape3D" type="CollisionShape3D" parent="NavReg/Box3/StaticBody3D" index="0"]
shape = SubResource("BoxShape3D_l6em7")

[node name="Box4" type="MeshInstance3D" parent="NavReg" index="8"]
transform = Transform3D(0.905798, 0, 0.423709, 0, 1, 0, -0.423709, 0, 0.905798, -5.09067, 3, 7.33896)
mesh = SubResource("BoxMesh_beyri")

[node name="StaticBody3D" type="StaticBody3D" parent="NavReg/Box4" index="0"]
collision_mask = 50

[node name="CollisionShape3D" type="CollisionShape3D" parent="NavReg/Box4/StaticBody3D" index="0"]
shape = SubResource("BoxShape3D_l6em7")

[node name="Box5" type="MeshInstance3D" parent="NavReg" index="9"]
transform = Transform3D(-0.230814, 0, -0.972998, 0, 1, 0, 0.972998, 0, -0.230814, 5.22821, 0.999999, 5.84771)
mesh = SubResource("BoxMesh_beyri")

[node name="StaticBody3D" type="StaticBody3D" parent="NavReg/Box5" index="0"]
collision_mask = 50

[node name="CollisionShape3D" type="CollisionShape3D" parent="NavReg/Box5/StaticBody3D" index="0"]
shape = SubResource("BoxShape3D_l6em7")

[node name="Box6" type="MeshInstance3D" parent="NavReg" index="10"]
transform = Transform3D(0.301921, 0, -0.953333, 0, 1, 0, 0.953333, 0, 0.301921, 5.76234, 0.999999, 8.26266)
mesh = SubResource("BoxMesh_beyri")

[node name="StaticBody3D" type="StaticBody3D" parent="NavReg/Box6" index="0"]
collision_mask = 50

[node name="CollisionShape3D" type="CollisionShape3D" parent="NavReg/Box6/StaticBody3D" index="0"]
shape = SubResource("BoxShape3D_l6em7")

[node name="Box7" type="MeshInstance3D" parent="NavReg" index="11"]
transform = Transform3D(0.723546, 0, -0.690277, 0, 1, 0, 0.690277, 0, 0.723546, 7.58839, 0.999999, 6.61709)
mesh = SubResource("BoxMesh_beyri")

[node name="StaticBody3D" type="StaticBody3D" parent="NavReg/Box7" index="0"]
collision_mask = 50

[node name="CollisionShape3D" type="CollisionShape3D" parent="NavReg/Box7/StaticBody3D" index="0"]
shape = SubResource("BoxShape3D_l6em7")

[node name="Box8" type="MeshInstance3D" parent="NavReg" index="12"]
transform = Transform3D(0.723546, 0, -0.690277, 0, 1, 0, 0.690277, 0, 0.723546, 6.3453, 3, 6.98735)
mesh = SubResource("BoxMesh_beyri")

[node name="StaticBody3D" type="StaticBody3D" parent="NavReg/Box8" index="0"]
collision_mask = 50

[node name="CollisionShape3D" type="CollisionShape3D" parent="NavReg/Box8/StaticBody3D" index="0"]
shape = SubResource("BoxShape3D_l6em7")

[node name="Box9" type="MeshInstance3D" parent="NavReg" index="13"]
transform = Transform3D(0.782478, 0, -0.622679, 0, 1, 0, 0.622679, 0, 0.782478, 3.43792, 0.999999, -4.78523)
mesh = SubResource("BoxMesh_beyri")

[node name="StaticBody3D" type="StaticBody3D" parent="NavReg/Box9" index="0"]
collision_mask = 50

[node name="CollisionShape3D" type="CollisionShape3D" parent="NavReg/Box9/StaticBody3D" index="0"]
shape = SubResource("BoxShape3D_l6em7")

[node name="Box10" type="MeshInstance3D" parent="NavReg" index="14"]
transform = Transform3D(0.991229, 0, -0.132153, 0, 1, 0, 0.132153, 0, 0.991229, 5.85077, 0.999999, -4.24169)
mesh = SubResource("BoxMesh_beyri")

[node name="StaticBody3D" type="StaticBody3D" parent="NavReg/Box10" index="0"]
collision_mask = 50

[node name="CollisionShape3D" type="CollisionShape3D" parent="NavReg/Box10/StaticBody3D" index="0"]
shape = SubResource("BoxShape3D_l6em7")

[node name="Box11" type="MeshInstance3D" parent="NavReg" index="15"]
transform = Transform3D(0.932444, 0, 0.361315, 0, 1, 0, -0.361315, 0, 0.932444, 5.13796, 0.999999, -6.59418)
mesh = SubResource("BoxMesh_beyri")

[node name="StaticBody3D" type="StaticBody3D" parent="NavReg/Box11" index="0"]
collision_mask = 50

[node name="CollisionShape3D" type="CollisionShape3D" parent="NavReg/Box11/StaticBody3D" index="0"]
shape = SubResource("BoxShape3D_l6em7")

[node name="Box12" type="MeshInstance3D" parent="NavReg" index="16"]
transform = Transform3D(0.932444, 0, 0.361315, 0, 1, 0, -0.361315, 0, 0.932444, 4.94443, 3, -5.31165)
mesh = SubResource("BoxMesh_beyri")

[node name="StaticBody3D" type="StaticBody3D" parent="NavReg/Box12" index="0"]
collision_mask = 50

[node name="CollisionShape3D" type="CollisionShape3D" parent="NavReg/Box12/StaticBody3D" index="0"]
shape = SubResource("BoxShape3D_l6em7")

[node name="Box13" type="MeshInstance3D" parent="NavReg" index="17"]
transform = Transform3D(-0.913765, 0, 0.406242, 0, 1, 0, -0.406242, 0, -0.913765, -2.22176, 0.999999, -5.60645)
mesh = SubResource("BoxMesh_beyri")

[node name="StaticBody3D" type="StaticBody3D" parent="NavReg/Box13" index="0"]
collision_mask = 50

[node name="CollisionShape3D" type="CollisionShape3D" parent="NavReg/Box13/StaticBody3D" index="0"]
shape = SubResource("BoxShape3D_l6em7")

[node name="Box14" type="MeshInstance3D" parent="NavReg" index="18"]
transform = Transform3D(-0.992654, 0, -0.120986, 0, 1, 0, 0.120986, 0, -0.992654, -4.69378, 0.999999, -5.5267)
mesh = SubResource("BoxMesh_beyri")

[node name="StaticBody3D" type="StaticBody3D" parent="NavReg/Box14" index="0"]
collision_mask = 50

[node name="CollisionShape3D" type="CollisionShape3D" parent="NavReg/Box14/StaticBody3D" index="0"]
shape = SubResource("BoxShape3D_l6em7")

[node name="Box15" type="MeshInstance3D" parent="NavReg" index="19"]
transform = Transform3D(-0.811839, 0, -0.583881, 0, 1, 0, 0.583881, 0, -0.811839, -3.41308, 0.999999, -3.42857)
mesh = SubResource("BoxMesh_beyri")

[node name="StaticBody3D" type="StaticBody3D" parent="NavReg/Box15" index="0"]
collision_mask = 50

[node name="CollisionShape3D" type="CollisionShape3D" parent="NavReg/Box15/StaticBody3D" index="0"]
shape = SubResource("BoxShape3D_l6em7")

[node name="Box16" type="MeshInstance3D" parent="NavReg" index="20"]
transform = Transform3D(-0.811839, 0, -0.583881, 0, 1, 0, 0.583881, 0, -0.811839, -3.54781, 3, -4.7186)
mesh = SubResource("BoxMesh_beyri")

[node name="StaticBody3D" type="StaticBody3D" parent="NavReg/Box16" index="0"]
collision_mask = 50

[node name="CollisionShape3D" type="CollisionShape3D" parent="NavReg/Box16/StaticBody3D" index="0"]
shape = SubResource("BoxShape3D_l6em7")

[node name="Players" parent="." index="3" node_paths=PackedStringArray("level", "player")]
unique_name_in_owner = true
script = ExtResource("2_nadqn")
level = NodePath("..")
player = NodePath("Player")

[node name="Player" parent="Players" index="0" node_paths=PackedStringArray("enemies") instance=ExtResource("2_dt1qx")]
enemies = [NodePath("../CampaignEnemy")]

[node name="CampaignEnemy" parent="Players" index="1" node_paths=PackedStringArray("player", "enemies") instance=ExtResource("4_yerhm")]
transform = Transform3D(-0.5, 0, 0.866026, 0, 1, 0, -0.866026, 0, -0.5, 0, 0, -3.96297)
player = NodePath("../Player")
enemies = [NodePath("../Player")]

[node name="Weapons" parent="Players/CampaignEnemy" index="4"]
transform = Transform3D(0.843202, -0.0741401, 0.532461, -0.257885, 0.813268, 0.521624, -0.471706, -0.577148, 0.666629, 0.168521, 1.46501, -0.381642)

[node name="Skeleton3D" parent="Players/CampaignEnemy/Puppet" index="2"]
bones/1/position = Vector3(-8.81538e-10, 0.897158, -0.0641973)
bones/2/rotation = Quaternion(-0.143989, 0.000920119, 0.00238619, 0.989576)
bones/4/rotation = Quaternion(0.0823149, 0.0130988, 0.0180754, 0.996356)
bones/5/rotation = Quaternion(-0.0235779, -0.000156454, -0.00112847, 0.999721)
bones/7/rotation = Quaternion(-0.18933, 0.258887, -0.488454, 0.811508)
bones/8/rotation = Quaternion(0.256587, 0.0352168, -0.0499659, 0.964586)
bones/9/rotation = Quaternion(-0.00599347, -0.33478, -0.0188568, 0.942089)
bones/11/rotation = Quaternion(-0.137322, -0.028413, 0.158349, 0.977375)
bones/14/rotation = Quaternion(0.0638902, -0.171995, -0.080297, 0.979739)
bones/17/rotation = Quaternion(-0.303933, -0.0306754, 0.27842, 0.910586)
bones/20/rotation = Quaternion(0.202313, 0.119163, 0.507694, 0.828925)
bones/21/rotation = Quaternion(0.694544, -0.0257921, 0.135237, 0.706155)
bones/22/rotation = Quaternion(0.127587, 0.268926, -0.0656019, 0.952416)
bones/24/rotation = Quaternion(-0.129986, 0.0433311, -0.13636, 0.981138)
bones/25/rotation = Quaternion(-0.0600865, 0.0142922, 0.0215445, 0.997858)
bones/27/rotation = Quaternion(0.0949738, 0.161254, 0.105103, 0.976694)
bones/28/rotation = Quaternion(0.0975481, -0.128335, -0.0752026, 0.984052)
bones/30/rotation = Quaternion(-0.520665, -0.383936, 0.592334, 0.480252)
bones/33/rotation = Quaternion(-0.590116, 0.228617, -0.155971, 0.7584)
bones/34/rotation = Quaternion(-0.0665084, 0.00388968, 0.101897, 0.992562)
bones/35/rotation = Quaternion(0.262088, -0.135044, -0.613567, 0.732536)
bones/38/rotation = Quaternion(-0.5305, -0.0668155, 0.325383, 0.779892)
bones/39/rotation = Quaternion(-0.118407, -0.00382466, -0.181409, 0.976246)
bones/40/rotation = Quaternion(0.219285, 0.130317, 0.506194, 0.823832)

[node name="Head" parent="Players/CampaignEnemy/Puppet/Skeleton3D" index="1"]
transform = Transform3D(-0.999983, -0.00582787, 0.000542286, -0.00583808, 0.986514, -0.163572, 0.000418302, -0.163572, -0.986531, -0.000928543, 1.57655, -0.0395803)

[node name="Neck" parent="Players/CampaignEnemy/Puppet/Skeleton3D" index="2"]
transform = Transform3D(-0.999994, -0.00354692, 0.000450393, -0.00356244, 0.977717, -0.209899, 0.000304136, -0.209899, -0.977723, -0.00070088, 1.51379, -0.0261077)

[node name="Chest" parent="Players/CampaignEnemy/Puppet/Skeleton3D" index="3"]
transform = Transform3D(-0.999987, 0.0049877, -0.00113426, 0.00467529, 0.981213, 0.192872, 0.00207494, 0.192865, -0.981223, -1.78813e-09, 1.13533, -0.0868667)

[node name="Stomach" parent="Players/CampaignEnemy/Puppet/Skeleton3D" index="4"]
transform = Transform3D(-1, -3.78941e-09, -3.89234e-07, 3.31093e-08, 0.995501, -0.0947544, 3.87842e-07, -0.0947544, -0.995501, -8.81538e-10, 0.897158, -0.0641973)

[node name="R_UpperArm" parent="Players/CampaignEnemy/Puppet/Skeleton3D" index="5"]
transform = Transform3D(0.983928, 0.172927, -0.0445319, 0.154051, -0.6959, 0.701421, 0.0903047, -0.697007, -0.711355, 0.194478, 1.39718, -0.0333416)

[node name="R_Forearm" parent="Players/CampaignEnemy/Puppet/Skeleton3D" index="6"]
transform = Transform3D(0.963474, -0.266784, -0.0233458, 0.197546, 0.649143, 0.734568, -0.180817, -0.712348, 0.678134, 0.230563, 1.25197, -0.178787)

[node name="R_Hand" parent="Players/CampaignEnemy/Puppet/Skeleton3D" index="7"]
transform = Transform3D(0.843202, -0.07414, 0.532461, -0.257885, 0.813268, 0.521624, -0.471706, -0.577148, 0.666629, 0.175794, 1.38523, -0.325028)

[node name="L_UpperArm" parent="Players/CampaignEnemy/Puppet/Skeleton3D" index="8"]
transform = Transform3D(0.976367, -0.196804, 0.0893089, -0.159153, -0.934314, -0.318947, 0.146213, 0.297196, -0.943555, -0.195443, 1.39645, -0.0332847)

[node name="L_Forearm" parent="Players/CampaignEnemy/Puppet/Skeleton3D" index="9"]
transform = Transform3D(0.976126, -0.0142538, 0.216737, -0.0549406, -0.981599, 0.182883, 0.210142, -0.190424, -0.958947, -0.236511, 1.20149, 0.0287317)

[node name="L_Hand" parent="Players/CampaignEnemy/Puppet/Skeleton3D" index="10"]
transform = Transform3D(0.893841, 0.0246448, -0.447707, 0.103751, -0.982759, 0.15304, -0.436216, -0.183244, -0.880986, -0.239437, 0.999971, -0.0103611)

[node name="R_Thigh" parent="Players/CampaignEnemy/Puppet/Skeleton3D" index="11"]
transform = Transform3D(0.486518, 0.058735, 0.871694, -0.282367, -0.93362, 0.220505, 0.826782, -0.353417, -0.437638, 0.0851499, 0.879668, -0.0593682)

[node name="R_Shin" parent="Players/CampaignEnemy/Puppet/Skeleton3D" index="12"]
transform = Transform3D(0.477688, 0.0256721, 0.878154, 0.0771886, -0.996934, -0.0128437, 0.875132, 0.0739188, -0.478205, 0.109828, 0.487399, -0.20786)

[node name="R_Foot" parent="Players/CampaignEnemy/Puppet/Skeleton3D" index="13"]
transform = Transform3D(0.245939, 0.0720782, 0.966602, -0.853541, -0.456465, 0.25121, 0.459327, -0.886817, -0.0507408, 0.11946, 0.113342, -0.180125)

[node name="L_Thigh" parent="Players/CampaignEnemy/Puppet/Skeleton3D" index="14"]
transform = Transform3D(0.496196, -0.0500276, -0.866768, -0.131924, -0.99109, -0.0183192, -0.858129, 0.123438, -0.498375, -0.0851499, 0.879668, -0.0593682)

[node name="L_Shin" parent="Players/CampaignEnemy/Puppet/Skeleton3D" index="15"]
transform = Transform3D(0.494225, -0.0354221, -0.868612, -0.328753, -0.932584, -0.149024, -0.804775, 0.35921, -0.472551, -0.10617, 0.463252, -0.00750465)

[node name="L_Foot" parent="Players/CampaignEnemy/Puppet/Skeleton3D" index="16"]
transform = Transform3D(0.245938, -0.072074, -0.966602, 0.853542, -0.456465, 0.251208, -0.459326, -0.886817, -0.0507443, -0.11946, 0.11334, 0.127274)

[node name="Pause" parent="." index="8"]
visible = false

[editable path="Players/CampaignEnemy"]
[editable path="Players/CampaignEnemy/Weapons/Pistol"]
[editable path="Players/CampaignEnemy/Weapons/Pistol/Mesh"]
[editable path="Players/CampaignEnemy/Weapons/SMG"]
[editable path="Players/CampaignEnemy/Weapons/SMG/Mesh"]
[editable path="Players/CampaignEnemy/Weapons/Rifle"]
[editable path="Players/CampaignEnemy/Weapons/Shotgun"]
[editable path="Players/CampaignEnemy/Weapons/Sniper"]
[editable path="Players/CampaignEnemy/Puppet"]
