[gd_scene load_steps=6 format=3 uid="uid://dgcxjmexv8vhf"]

[ext_resource type="PackedScene" uid="uid://7eh2d0yb5a1h" path="res://Levels/Level.tscn" id="1_komsv"]
[ext_resource type="PackedScene" uid="uid://debo1o7qgu6hu" path="res://Levels/Level2Base.tscn" id="1_vufbv"]
[ext_resource type="PackedScene" uid="uid://csaruiackbvkq" path="res://Props/WeaponPickUp.tscn" id="3_2tcup"]
[ext_resource type="PackedScene" uid="uid://c4ojhf0xgakry" path="res://Props/AmmoPickUp.tscn" id="4_qwd18"]
[ext_resource type="PackedScene" uid="uid://ho0xjys0mcbb" path="res://Props/HealthPickUp.tscn" id="5_i8p46"]

[node name="Level2" instance=ExtResource("1_komsv")]

[node name="LevelBase" parent="." index="0" instance=ExtResource("1_vufbv")]

[node name="SpawnBlue1" type="Marker3D" parent="Spawns" index="0"]
transform = Transform3D(-4.37114e-08, 0, 1, 0, 1, 0, -1, 0, -4.37114e-08, 7.5, 4.125, 0)

[node name="SpawnBlue2" type="Marker3D" parent="Spawns" index="1"]
transform = Transform3D(-4.37114e-08, 0, 1, 0, 1, 0, -1, 0, -4.37114e-08, 7.5, 4.125, 7.5)

[node name="SpawnBlue3" type="Marker3D" parent="Spawns" index="2"]
transform = Transform3D(-4.37114e-08, 0, 1, 0, 1, 0, -1, 0, -4.37114e-08, 12, 4.125, 7.5)

[node name="SpawnBlue4" type="Marker3D" parent="Spawns" index="3"]
transform = Transform3D(-0.707107, 0, 0.707107, 0, 1, 0, -0.707107, 0, -0.707107, 13, 0.125, -18.5)

[node name="SpawnBlue5" type="Marker3D" parent="Spawns" index="4"]
transform = Transform3D(0.707107, 0, -0.707107, 0, 1, 0, 0.707107, 0, 0.707107, 6.5, 0.125, -12)

[node name="SpawnBlue6" type="Marker3D" parent="Spawns" index="5"]
transform = Transform3D(-4.37114e-08, 0, 1, 0, 1, 0, -1, 0, -4.37114e-08, 3, 0.125, -12.25)

[node name="SpawnBlue7" type="Marker3D" parent="Spawns" index="6"]
transform = Transform3D(-0.707107, 0, 0.707107, 0, 1, 0, -0.707107, 0, -0.707107, 3, 0.125, -22.5)

[node name="SpawnBlue8" type="Marker3D" parent="Spawns" index="7"]
transform = Transform3D(-0.707107, 0, -0.707107, 0, 1, 0, 0.707107, 0, -0.707107, -9, 0.125, -22.5)

[node name="SpawnBlue9" type="Marker3D" parent="Spawns" index="8"]
transform = Transform3D(0.707107, 0, -0.707107, 0, 1, 0, 0.707107, 0, 0.707107, -12, 4.125, -12)

[node name="SpawnBlue10" type="Marker3D" parent="Spawns" index="9"]
transform = Transform3D(-0.707107, 0, -0.707107, 0, 1, 0, 0.707107, 0, -0.707107, -12, 4.125, -25.5)

[node name="SpawnBlue11" type="Marker3D" parent="Spawns" index="10"]
transform = Transform3D(-1, 0, 0, 0, 1, 0, 0, 0, -1, -3, 4.125, -25.5)

[node name="SpawnBlue12" type="Marker3D" parent="Spawns" index="11"]
transform = Transform3D(-0.707107, 0, 0.707107, 0, 1, 0, -0.707107, 0, -0.707107, 13, 4.125, -25.5)

[node name="SpawnBlue13" type="Marker3D" parent="Spawns" index="12"]
transform = Transform3D(0, 0, 1, 0, 1, 0, -1, 0, 0, 13, 4.125, -22)

[node name="SpawnBlue14" type="Marker3D" parent="Spawns" index="13"]
transform = Transform3D(8.74228e-08, 0, -1, 0, 1, 0, 1, 0, 8.74228e-08, 6.5, 4.125, -22)

[node name="SpawnBlue15" type="Marker3D" parent="Spawns" index="14"]
transform = Transform3D(-0.707107, 0, -0.707107, 0, 1, 0, 0.707107, 0, -0.707107, -14, 0.125, -17)

[node name="SpawnBlue16" type="Marker3D" parent="Spawns" index="15"]
transform = Transform3D(-0.707107, 0, -0.707107, 0, 1, 0, 0.707107, 0, -0.707107, -18.5, 0.125, -12.5)

[node name="SpawnBlue17" type="Marker3D" parent="Spawns" index="16"]
transform = Transform3D(0.707107, 0, -0.707107, 0, 1, 0, 0.707107, 0, 0.707107, -18.5, 0.125, -6.5)

[node name="SpawnBlue18" type="Marker3D" parent="Spawns" index="17"]
transform = Transform3D(1, 0, 1.49012e-07, 0, 1, 0, -1.49012e-07, 0, 1, -12.75, 0.125, -6.5)

[node name="SpawnBlue19" type="Marker3D" parent="Spawns" index="18"]
transform = Transform3D(1.053e-07, 0, -1, 0, 1, 0, 1, 0, 1.053e-07, -8, 0.125, -7.5)

[node name="SpawnBlue20" type="Marker3D" parent="Spawns" index="19"]
transform = Transform3D(-1, 0, 0, 0, 1, 0, 0, 0, -1, 7.5, 4.125, -7.5)

[node name="SpawnBlue21" type="Marker3D" parent="Spawns" index="20"]
transform = Transform3D(-1, 0, -5.96046e-08, 0, 1, 0, 5.96046e-08, 0, -1, 0, 0.125, -8.5)

[node name="SpawnBlue22" type="Marker3D" parent="Spawns" index="21"]
transform = Transform3D(1.03316e-07, 0, -1, 0, 1, 0, 1, 0, 1.03316e-07, -3.5, 0.125, 0)

[node name="SpawnRed1" type="Marker3D" parent="Spawns" index="22"]
transform = Transform3D(1.31134e-07, 0, -1, 0, 1, 0, 1, 0, 1.31134e-07, -7.5, 4.125, 6.55671e-07)

[node name="SpawnRed2" type="Marker3D" parent="Spawns" index="23"]
transform = Transform3D(1.31134e-07, 0, -1, 0, 1, 0, 1, 0, 1.31134e-07, -7.5, 4.125, -7.5)

[node name="SpawnRed3" type="Marker3D" parent="Spawns" index="24"]
transform = Transform3D(1.31134e-07, 0, -1, 0, 1, 0, 1, 0, 1.31134e-07, -12, 4.125, -7.5)

[node name="SpawnRed4" type="Marker3D" parent="Spawns" index="25"]
transform = Transform3D(0.707107, 0, -0.707107, 0, 1, 0, 0.707107, 0, 0.707107, -13, 0.125, 18.5)

[node name="SpawnRed5" type="Marker3D" parent="Spawns" index="26"]
transform = Transform3D(-0.707107, 0, 0.707107, 0, 1, 0, -0.707107, 0, -0.707107, -6.5, 0.125, 12)

[node name="SpawnRed6" type="Marker3D" parent="Spawns" index="27"]
transform = Transform3D(1.31134e-07, 0, -1, 0, 1, 0, 1, 0, 1.31134e-07, -3, 0.125, 12.25)

[node name="SpawnRed7" type="Marker3D" parent="Spawns" index="28"]
transform = Transform3D(0.707107, 0, -0.707107, 0, 1, 0, 0.707107, 0, 0.707107, -3, 0.125, 22.5)

[node name="SpawnRed8" type="Marker3D" parent="Spawns" index="29"]
transform = Transform3D(0.707107, 0, 0.707107, 0, 1, 0, -0.707107, 0, 0.707107, 9, 0.125, 22.5)

[node name="SpawnRed9" type="Marker3D" parent="Spawns" index="30"]
transform = Transform3D(-0.707107, 0, 0.707107, 0, 1, 0, -0.707107, 0, -0.707107, 12, 4.125, 12)

[node name="SpawnRed10" type="Marker3D" parent="Spawns" index="31"]
transform = Transform3D(0.707107, 0, 0.707107, 0, 1, 0, -0.707107, 0, 0.707107, 12, 4.125, 25.5)

[node name="SpawnRed11" type="Marker3D" parent="Spawns" index="32"]
transform = Transform3D(1, 0, 8.74228e-08, 0, 1, 0, -8.74228e-08, 0, 1, 3, 4.125, 25.5)

[node name="SpawnRed12" type="Marker3D" parent="Spawns" index="33"]
transform = Transform3D(0.707107, 0, -0.707107, 0, 1, 0, 0.707107, 0, 0.707107, -13, 4.125, 25.5)

[node name="SpawnRed13" type="Marker3D" parent="Spawns" index="34"]
transform = Transform3D(8.74228e-08, 0, -1, 0, 1, 0, 1, 0, 8.74228e-08, -13, 4.125, 22)

[node name="SpawnRed14" type="Marker3D" parent="Spawns" index="35"]
transform = Transform3D(-1.74846e-07, 0, 1, 0, 1, 0, -1, 0, -1.74846e-07, -6.5, 4.125, 22)

[node name="SpawnRed15" type="Marker3D" parent="Spawns" index="36"]
transform = Transform3D(0.707107, 0, 0.707107, 0, 1, 0, -0.707107, 0, 0.707107, 14, 0.125, 17)

[node name="SpawnRed16" type="Marker3D" parent="Spawns" index="37"]
transform = Transform3D(0.707107, 0, 0.707107, 0, 1, 0, -0.707107, 0, 0.707107, 18.5, 0.125, 12.5)

[node name="SpawnRed17" type="Marker3D" parent="Spawns" index="38"]
transform = Transform3D(-0.707107, 0, 0.707107, 0, 1, 0, -0.707107, 0, -0.707107, 18.5, 0.125, 6.5)

[node name="SpawnRed18" type="Marker3D" parent="Spawns" index="39"]
transform = Transform3D(-1, 0, -2.36434e-07, 0, 1, 0, 2.36434e-07, 0, -1, 12.75, 0.125, 6.5)

[node name="SpawnRed19" type="Marker3D" parent="Spawns" index="40"]
transform = Transform3D(-1.92723e-07, 0, 1, 0, 1, 0, -1, 0, -1.92723e-07, 8, 0.125, 7.5)

[node name="SpawnRed20" type="Marker3D" parent="Spawns" index="41"]
transform = Transform3D(1, 0, 0, 0, 1, 0, 0, 0, 1, -7.5, 4.125, 7.5)

[node name="SpawnRed21" type="Marker3D" parent="Spawns" index="42"]
transform = Transform3D(1, 0, 1.47027e-07, 0, 1, 0, -1.47027e-07, 0, 1, 7.43094e-07, 0.125, 8.5)

[node name="SpawnRed22" type="Marker3D" parent="Spawns" index="43"]
transform = Transform3D(-1.90739e-07, 0, 1, 0, 1, 0, -1, 0, -1.90739e-07, 3.5, 0.125, -3.0598e-07)

[node name="NavPoints" parent="." index="4"]
visible = false

[node name="NavPointMid1" type="Marker3D" parent="NavPoints" index="0"]
transform = Transform3D(-1, 0, -8.74228e-08, 0, 1, 0, 8.74228e-08, 0, -1, -7.5, 4, -7.5)

[node name="NavPointMid3" type="Marker3D" parent="NavPoints" index="1"]
transform = Transform3D(-1, 0, -8.74228e-08, 0, 1, 0, 8.74228e-08, 0, -1, -7.5, 4, 0)

[node name="NavPointRed1" type="Marker3D" parent="NavPoints" index="2"]
transform = Transform3D(-1, 0, -8.74228e-08, 0, 1, 0, 8.74228e-08, 0, -1, -12, 4, -7.5)

[node name="NavPointRed2" type="Marker3D" parent="NavPoints" index="3"]
transform = Transform3D(-1, 0, -8.74228e-08, 0, 1, 0, 8.74228e-08, 0, -1, -12, 0, 10.25)

[node name="NavPointRed3" type="Marker3D" parent="NavPoints" index="4"]
transform = Transform3D(-1, 0, -8.74228e-08, 0, 1, 0, 8.74228e-08, 0, -1, -4.75, 0, 17.5)

[node name="NavPointRed9" type="Marker3D" parent="NavPoints" index="5"]
transform = Transform3D(-1, 0, -8.74228e-08, 0, 1, 0, 8.74228e-08, 0, -1, 10.75, 0, 16)

[node name="NavPointRed12" type="Marker3D" parent="NavPoints" index="6"]
transform = Transform3D(-1, 0, -8.74228e-08, 0, 1, 0, 8.74228e-08, 0, -1, 13.25, 0, 16)

[node name="NavPointRed13" type="Marker3D" parent="NavPoints" index="7"]
transform = Transform3D(-1, 0, -8.74228e-08, 0, 1, 0, 8.74228e-08, 0, -1, 12.75, 0, 9.5)

[node name="NavPointRed14" type="Marker3D" parent="NavPoints" index="8"]
transform = Transform3D(-1, 0, -8.74228e-08, 0, 1, 0, 8.74228e-08, 0, -1, 5.25, 0, 7.5)

[node name="NavPointRed17" type="Marker3D" parent="NavPoints" index="9"]
transform = Transform3D(-1, 0, -8.74228e-08, 0, 1, 0, 8.74228e-08, 0, -1, 4.37114e-07, 0, 5)

[node name="NavPointRed15" type="Marker3D" parent="NavPoints" index="10"]
transform = Transform3D(-1, 0, -8.74228e-08, 0, 1, 0, 8.74228e-08, 0, -1, 18.25, 0, 12.25)

[node name="NavPointRed16" type="Marker3D" parent="NavPoints" index="11"]
transform = Transform3D(-1, 0, -8.74228e-08, 0, 1, 0, 8.74228e-08, 0, -1, 18.25, 0, 6.75)

[node name="NavPointRed4" type="Marker3D" parent="NavPoints" index="12"]
transform = Transform3D(-1, 0, -8.74228e-08, 0, 1, 0, 8.74228e-08, 0, -1, -3, 0, 12)

[node name="NavPointRed5" type="Marker3D" parent="NavPoints" index="13"]
transform = Transform3D(-1, 0, -8.74228e-08, 0, 1, 0, 8.74228e-08, 0, -1, 12, 4, 12)

[node name="NavPointRed6" type="Marker3D" parent="NavPoints" index="14"]
transform = Transform3D(-1, 0, -8.74228e-08, 0, 1, 0, 8.74228e-08, 0, -1, 12, 4, 25.5)

[node name="NavPointRed7" type="Marker3D" parent="NavPoints" index="15"]
transform = Transform3D(-1, 0, -8.74228e-08, 0, 1, 0, 8.74228e-08, 0, -1, -4.75, 4, 25.5)

[node name="NavPointRed8" type="Marker3D" parent="NavPoints" index="16"]
transform = Transform3D(-1, 0, -8.74228e-08, 0, 1, 0, 8.74228e-08, 0, -1, -9.75, 4, 25.5)

[node name="NavPointRed10" type="Marker3D" parent="NavPoints" index="17"]
transform = Transform3D(-1, 0, -8.74228e-08, 0, 1, 0, 8.74228e-08, 0, -1, -7.25, 4, 22)

[node name="NavPointRed11" type="Marker3D" parent="NavPoints" index="18"]
transform = Transform3D(-1, 0, -8.74228e-08, 0, 1, 0, 8.74228e-08, 0, -1, -12.25, 4, 22)

[node name="NavPointMid2" type="Marker3D" parent="NavPoints" index="19"]
transform = Transform3D(1, 0, 0, 0, 1, 0, 0, 0, 1, 7.5, 4, 7.5)

[node name="NavPointMid4" type="Marker3D" parent="NavPoints" index="20"]
transform = Transform3D(1, 0, 0, 0, 1, 0, 0, 0, 1, 7.5, 4, 0)

[node name="NavPointBlue1" type="Marker3D" parent="NavPoints" index="21"]
transform = Transform3D(1, 0, 0, 0, 1, 0, 0, 0, 1, 12, 4, 7.5)

[node name="NavPointBlue2" type="Marker3D" parent="NavPoints" index="22"]
transform = Transform3D(1, 0, 0, 0, 1, 0, 0, 0, 1, 12, 0, -10.25)

[node name="NavPointBlue3" type="Marker3D" parent="NavPoints" index="23"]
transform = Transform3D(1, 0, 0, 0, 1, 0, 0, 0, 1, 4.75, 0, -17.5)

[node name="NavPointBlue9" type="Marker3D" parent="NavPoints" index="24"]
transform = Transform3D(1, 0, 0, 0, 1, 0, 0, 0, 1, -10.75, 0, -16)

[node name="NavPointBlue12" type="Marker3D" parent="NavPoints" index="25"]
transform = Transform3D(1, 0, 0, 0, 1, 0, 0, 0, 1, -13.25, 0, -16)

[node name="NavPointBlue13" type="Marker3D" parent="NavPoints" index="26"]
transform = Transform3D(1, 0, 0, 0, 1, 0, 0, 0, 1, -12.75, 0, -9.5)

[node name="NavPointBlue14" type="Marker3D" parent="NavPoints" index="27"]
transform = Transform3D(1, 0, 0, 0, 1, 0, 0, 0, 1, -5.25, 0, -7.5)

[node name="NavPointBlue17" type="Marker3D" parent="NavPoints" index="28"]
transform = Transform3D(1, 0, 0, 0, 1, 0, 0, 0, 1, 0, 0, -5)

[node name="NavPointBlue15" type="Marker3D" parent="NavPoints" index="29"]
transform = Transform3D(1, 0, 0, 0, 1, 0, 0, 0, 1, -18.25, 0, -12.25)

[node name="NavPointBlue16" type="Marker3D" parent="NavPoints" index="30"]
transform = Transform3D(1, 0, 0, 0, 1, 0, 0, 0, 1, -18.25, 0, -6.75)

[node name="NavPointBlue4" type="Marker3D" parent="NavPoints" index="31"]
transform = Transform3D(1, 0, 0, 0, 1, 0, 0, 0, 1, 3, 0, -12)

[node name="NavPointBlue5" type="Marker3D" parent="NavPoints" index="32"]
transform = Transform3D(1, 0, 0, 0, 1, 0, 0, 0, 1, -12, 4, -12)

[node name="NavPointBlue6" type="Marker3D" parent="NavPoints" index="33"]
transform = Transform3D(1, 0, 0, 0, 1, 0, 0, 0, 1, -12, 4, -25.5)

[node name="NavPointBlue7" type="Marker3D" parent="NavPoints" index="34"]
transform = Transform3D(1, 0, 0, 0, 1, 0, 0, 0, 1, 4.75, 4, -25.5)

[node name="NavPointBlue8" type="Marker3D" parent="NavPoints" index="35"]
transform = Transform3D(1, 0, 0, 0, 1, 0, 0, 0, 1, 9.75, 4, -25.5)

[node name="NavPointBlue10" type="Marker3D" parent="NavPoints" index="36"]
transform = Transform3D(1, 0, 0, 0, 1, 0, 0, 0, 1, 7.25, 4, -22)

[node name="NavPointBlue11" type="Marker3D" parent="NavPoints" index="37"]
transform = Transform3D(1, 0, 0, 0, 1, 0, 0, 0, 1, 12.25, 4, -22)

[node name="Pistol1" parent="Pickups" index="0" instance=ExtResource("3_2tcup")]
transform = Transform3D(1, 0, 0, 0, 1, 0, 0, 0, 1, 0, 0.25, 0)
respawn_time = 25.0

[node name="Pistol2" parent="Pickups" index="1" instance=ExtResource("3_2tcup")]
transform = Transform3D(1, 0, 0, 0, 1, 0, 0, 0, 1, 12, 4.25, 12)
respawn_time = 25.0

[node name="Pistol3" parent="Pickups" index="2" instance=ExtResource("3_2tcup")]
transform = Transform3D(1, 0, 0, 0, 1, 0, 0, 0, 1, -12, 4.25, -12)
respawn_time = 25.0

[node name="Pistol4" parent="Pickups" index="3" instance=ExtResource("3_2tcup")]
transform = Transform3D(1, 0, 0, 0, 1, 0, 0, 0, 1, -9.75, 0.25, 15.75)
respawn_time = 25.0

[node name="Pistol5" parent="Pickups" index="4" instance=ExtResource("3_2tcup")]
transform = Transform3D(1, 0, 0, 0, 1, 0, 0, 0, 1, 9.75, 0.25, -15.25)
respawn_time = 25.0

[node name="Rifle1" parent="Pickups" index="5" instance=ExtResource("3_2tcup")]
transform = Transform3D(1, 0, 0, 0, 1, 0, 0, 0, 1, 0, 4.25, 0)
weapon_type = 2
respawn_time = 45.0

[node name="PistolAmmo1" parent="Pickups" index="6" instance=ExtResource("4_qwd18")]
transform = Transform3D(-4.37114e-08, 0, -1, 0, 1, 0, 1, 0, -4.37114e-08, -7.5, 4, 7.5)

[node name="PistolAmmo2" parent="Pickups" index="7" instance=ExtResource("4_qwd18")]
transform = Transform3D(-4.37114e-08, 0, 1, 0, 1, 0, -1, 0, -4.37114e-08, 7.5, 4, -7.5)

[node name="AmmoRifle1" parent="Pickups" index="8" instance=ExtResource("4_qwd18")]
transform = Transform3D(-1, 0, -8.74228e-08, 0, 1, 0, 8.74228e-08, 0, -1, -12, 4, -25.5)
weapon_type = 2
respawn_time = 40.0

[node name="AmmoRifle2" parent="Pickups" index="9" instance=ExtResource("4_qwd18")]
transform = Transform3D(1, 0, 0, 0, 1, 0, 0, 0, 1, 12, 4, 25.5)
weapon_type = 2

[node name="HealthPack1" parent="Pickups" index="10" instance=ExtResource("5_i8p46")]
transform = Transform3D(1, 0, 0, 0, 1, 0, 0, 0, 1, -18, 0, -9.5)
respawn_time = 25.0

[node name="HealthPack2" parent="Pickups" index="11" instance=ExtResource("5_i8p46")]
transform = Transform3D(1, 0, 0, 0, 1, 0, 0, 0, 1, 18, 0, 9.5)
respawn_time = 25.0

[node name="Armor1" parent="Pickups" index="12" instance=ExtResource("5_i8p46")]
transform = Transform3D(1, 0, 0, 0, 1, 0, 0, 0, 1, 9.75, 4, -22)
health_type = 1
respawn_time = 40.0

[node name="Armor2" parent="Pickups" index="13" instance=ExtResource("5_i8p46")]
transform = Transform3D(1, 0, 0, 0, 1, 0, 0, 0, 1, -9.75, 4, 22)
health_type = 1
respawn_time = 40.0
