[gd_scene load_steps=9 format=3]

[ext_resource type="PackedScene" uid="uid://q0227uvq4f2x" path="res://Levels/Level1Base.tscn" id="1_il041"]
[ext_resource type="Script" path="res://Levels/PlayersContainer.gd" id="2_ctt1n"]
[ext_resource type="PackedScene" path="res://Props/Ammo.tscn" id="3_fq3o5"]
[ext_resource type="PackedScene" path="res://Props/WeaponPickup.tscn" id="4_bexsk"]
[ext_resource type="AudioStream" uid="uid://cseiawxqwcafv" path="res://PerfectEye_v1_Looping_Demo.ogg" id="5_gnk7r"]
[ext_resource type="PackedScene" path="res://Props/HealthPack.tscn" id="5_sik53"]
[ext_resource type="PackedScene" path="res://Props/Armor.tscn" id="6_yg44v"]

[sub_resource type="GDScript" id="GDScript_arxdg"]
resource_name = "Pause"
script/source = "extends Node

# Called when the node enters the scene tree for the first time.
func _ready():
	Input.set_mouse_mode(Input.MOUSE_MODE_CAPTURED)


func _input(event):
	if event is InputEventKey:
		if Input.is_action_just_pressed(\"Pause\"):
			get_tree().paused = !get_tree().paused
			
			if Input.get_mouse_mode() == Input.MOUSE_MODE_CAPTURED:
				Input.set_mouse_mode(Input.MOUSE_MODE_VISIBLE)
			else:
				Input.set_mouse_mode(Input.MOUSE_MODE_CAPTURED)
"

[node name="Level1" type="Node3D"]

[node name="Level" parent="." instance=ExtResource("1_il041")]

[node name="PlayersContainer" type="Node3D" parent="."]
script = ExtResource("2_ctt1n")
spawns_ = NodePath("../Spawns")
pickups_ = NodePath("../Pickups")
nav_points_ = NodePath("../NavPoints")
respawn_time = 3.0

[node name="FX" type="Node3D" parent="PlayersContainer"]

[node name="Spawns" type="Node3D" parent="."]

[node name="Spawn1" type="Node3D" parent="Spawns"]
transform = Transform3D(-0.707107, 0, 0.707107, 0, 1, 0, -0.707107, 0, -0.707107, -12.0912, 0.25, -27.8425)

[node name="Spawn2" type="Node3D" parent="Spawns"]
transform = Transform3D(-1, 0, -8.74228e-08, 0, 1, 0, 8.74228e-08, 0, -1, -19.2806, 0.25, -28.2347)

[node name="Spawn3" type="Node3D" parent="Spawns"]
transform = Transform3D(-1, 0, -8.74228e-08, 0, 1, 0, 8.74228e-08, 0, -1, -27.7118, 0.25, -27.9733)

[node name="Spawn4" type="Node3D" parent="Spawns"]
transform = Transform3D(-0.815966, 0, -0.5781, 0, 1, 0, 0.5781, 0, -0.815966, -27.8425, 0.25, -20.4571)

[node name="Spawn5" type="Node3D" parent="Spawns"]
transform = Transform3D(0.707107, 0, -0.707107, 0, 1, 0, 0.707107, 0, 0.707107, -27.8425, 0.25, -12.222)

[node name="Spawn6" type="Node3D" parent="Spawns"]
transform = Transform3D(-1, 0, -8.74228e-08, 0, 1, 0, 8.74228e-08, 0, -1, -22.0257, 0.25, -17.9081)

[node name="Spawn7" type="Node3D" parent="Spawns"]
transform = Transform3D(-1, 0, -8.74228e-08, 0, 1, 0, 8.74228e-08, 0, -1, -25.8164, 0.25, -22.0257)

[node name="Spawn8" type="Node3D" parent="Spawns"]
transform = Transform3D(-4.37114e-08, 0, -1, 0, 1, 0, 1, 0, -4.37114e-08, -22.1564, 0.25, -25.6857)

[node name="Spawn9" type="Node3D" parent="Spawns"]
transform = Transform3D(-4.37114e-08, 0, -1, 0, 1, 0, 1, 0, -4.37114e-08, -18.1042, 0.25, -21.5682)

[node name="Spawn10" type="Node3D" parent="Spawns"]
transform = Transform3D(1, 0, 0, 0, 1, 0, 0, 0, 1, -11.795, 0.25, -14.7565)

[node name="Spawn12" type="Node3D" parent="Spawns"]
transform = Transform3D(1, 0, 0, 0, 1, 0, 0, 0, 1, 0, 0.25, 3.557)

[node name="Spawn13" type="Node3D" parent="Spawns"]
transform = Transform3D(1, 0, 0, 0, 1, 0, 0, 0, 1, -8.57377, 4.25, -2.41166)

[node name="Spawn14" type="Node3D" parent="Spawns"]
transform = Transform3D(0, 0, 1, 0, 1, 0, -1, 0, 0, -2.414, 0.25, -8.673)

[node name="Spawn15" type="Node3D" parent="Spawns"]
transform = Transform3D(0.707107, 0, 0.707107, 0, 1, 0, -0.707107, 0, 0.707107, -2.00873, 4.25, -3.14881)

[node name="Spawn16" type="Node3D" parent="Spawns"]
transform = Transform3D(0.707107, 0, 0.707107, 0, 1, 0, -0.707107, 0, 0.707107, -3.02012, 4.25, -2.16485)

[node name="Spawn17" type="Node3D" parent="Spawns"]
transform = Transform3D(-0.707107, 0, -0.707107, 0, 1, 0, 0.707107, 0, -0.707107, -27.8292, 0.25, 12.318)

[node name="Spawn18" type="Node3D" parent="Spawns"]
transform = Transform3D(1.31134e-07, 0, -1, 0, 1, 0, 1, 0, 1.31134e-07, -28.2213, 0.25, 19.5074)

[node name="Spawn19" type="Node3D" parent="Spawns"]
transform = Transform3D(1.31134e-07, 0, -1, 0, 1, 0, 1, 0, 1.31134e-07, -27.9599, 0.25, 27.9386)

[node name="Spawn20" type="Node3D" parent="Spawns"]
transform = Transform3D(0.707107, 0, -0.707107, 0, 1, 0, 0.707107, 0, 0.707107, -20.4437, 0.25, 28.0693)

[node name="Spawn21" type="Node3D" parent="Spawns"]
transform = Transform3D(0.707107, 0, 0.707107, 0, 1, 0, -0.707107, 0, 0.707107, -12.2086, 0.25, 28.0693)

[node name="Spawn22" type="Node3D" parent="Spawns"]
transform = Transform3D(1.31134e-07, 0, -1, 0, 1, 0, 1, 0, 1.31134e-07, -17.8948, 0.25, 22.2525)

[node name="Spawn23" type="Node3D" parent="Spawns"]
transform = Transform3D(1.31134e-07, 0, -1, 0, 1, 0, 1, 0, 1.31134e-07, -22.0123, 0.25, 26.0432)

[node name="Spawn24" type="Node3D" parent="Spawns"]
transform = Transform3D(1, 0, 0, 0, 1, 0, 0, 0, 1, -25.6724, 0.25, 22.3832)

[node name="Spawn25" type="Node3D" parent="Spawns"]
transform = Transform3D(1, 0, 0, 0, 1, 0, 0, 0, 1, -21.5548, 0.25, 18.331)

[node name="Spawn26" type="Node3D" parent="Spawns"]
transform = Transform3D(-4.37114e-08, 0, 1, 0, 1, 0, -1, 0, -4.37114e-08, -14.8687, 0.25, 11.8962)

[node name="Spawn28" type="Node3D" parent="Spawns"]
transform = Transform3D(-4.37114e-08, 0, 1, 0, 1, 0, -1, 0, -4.37114e-08, 3.57035, 0.25, 0.226803)

[node name="Spawn29" type="Node3D" parent="Spawns"]
transform = Transform3D(-4.37114e-08, 0, 1, 0, 1, 0, -1, 0, -4.37114e-08, -2.39831, 4.25, 8.80057)

[node name="Spawn30" type="Node3D" parent="Spawns"]
transform = Transform3D(-1, 0, 8.74228e-08, 0, 1, 0, -8.74228e-08, 0, -1, -8.65919, 4.25, 2.64096)

[node name="Spawn31" type="Node3D" parent="Spawns"]
transform = Transform3D(-0.707107, 0, 0.707107, 0, 1, 0, -0.707107, 0, -0.707107, -3.13546, 4.25, 2.23554)

[node name="Spawn32" type="Node3D" parent="Spawns"]
transform = Transform3D(-0.707107, 0, 0.707107, 0, 1, 0, -0.707107, 0, -0.707107, -2.15151, 4.25, 3.24693)

[node name="Spawn33" type="Node3D" parent="Spawns"]
transform = Transform3D(0.707107, 0, -0.707107, 0, 1, 0, 0.707107, 0, 0.707107, 12.0202, 0.25, 28.1338)

[node name="Spawn34" type="Node3D" parent="Spawns"]
transform = Transform3D(1, 0, 1.74846e-07, 0, 1, 0, -1.74846e-07, 0, 1, 19.2096, 0.25, 28.5259)

[node name="Spawn35" type="Node3D" parent="Spawns"]
transform = Transform3D(1, 0, 1.74846e-07, 0, 1, 0, -1.74846e-07, 0, 1, 27.6408, 0.25, 28.2645)

[node name="Spawn36" type="Node3D" parent="Spawns"]
transform = Transform3D(0.707107, 0, 0.707107, 0, 1, 0, -0.707107, 0, 0.707107, 27.7715, 0.25, 20.7483)

[node name="Spawn37" type="Node3D" parent="Spawns"]
transform = Transform3D(-0.707107, 0, 0.707107, 0, 1, 0, -0.707107, 0, -0.707107, 27.7715, 0.25, 12.5132)

[node name="Spawn38" type="Node3D" parent="Spawns"]
transform = Transform3D(1, 0, 1.74846e-07, 0, 1, 0, -1.74846e-07, 0, 1, 21.9546, 0.25, 18.1994)

[node name="Spawn39" type="Node3D" parent="Spawns"]
transform = Transform3D(1, 0, 1.74846e-07, 0, 1, 0, -1.74846e-07, 0, 1, 25.7454, 0.25, 22.3169)

[node name="Spawn40" type="Node3D" parent="Spawns"]
transform = Transform3D(-4.37114e-08, 0, 1, 0, 1, 0, -1, 0, -4.37114e-08, 22.0853, 0.25, 25.977)

[node name="Spawn41" type="Node3D" parent="Spawns"]
transform = Transform3D(-4.37114e-08, 0, 1, 0, 1, 0, -1, 0, -4.37114e-08, 18.0331, 0.25, 21.8594)

[node name="Spawn42" type="Node3D" parent="Spawns"]
transform = Transform3D(-1, 0, -8.74228e-08, 0, 1, 0, 8.74228e-08, 0, -1, 11.7239, 0.25, 15.0477)

[node name="Spawn44" type="Node3D" parent="Spawns"]
transform = Transform3D(-1, 0, -8.74228e-08, 0, 1, 0, 8.74228e-08, 0, -1, -0.0710497, 0.25, -3.26574)

[node name="Spawn45" type="Node3D" parent="Spawns"]
transform = Transform3D(-1, 0, -8.74228e-08, 0, 1, 0, 8.74228e-08, 0, -1, 8.50272, 4.25, 2.70292)

[node name="Spawn46" type="Node3D" parent="Spawns"]
transform = Transform3D(0, 0, -1, 0, 1, 0, 1, 0, 0, 2.34311, 4.25, 8.96379)

[node name="Spawn47" type="Node3D" parent="Spawns"]
transform = Transform3D(-0.707107, 0, -0.707107, 0, 1, 0, 0.707107, 0, -0.707107, 1.93768, 4.25, 3.44007)

[node name="Spawn48" type="Node3D" parent="Spawns"]
transform = Transform3D(-0.707107, 0, -0.707107, 0, 1, 0, 0.707107, 0, -0.707107, 2.94907, 4.25, 2.45611)

[node name="Spawn49" type="Node3D" parent="Spawns"]
transform = Transform3D(0.707107, 0, 0.707107, 0, 1, 0, -0.707107, 0, 0.707107, 27.8359, 0.25, -12.4936)

[node name="Spawn50" type="Node3D" parent="Spawns"]
transform = Transform3D(-2.18557e-07, 0, 1, 0, 1, 0, -1, 0, -2.18557e-07, 28.2281, 0.25, -19.683)

[node name="Spawn51" type="Node3D" parent="Spawns"]
transform = Transform3D(-2.18557e-07, 0, 1, 0, 1, 0, -1, 0, -2.18557e-07, 27.9666, 0.25, -28.1142)

[node name="Spawn52" type="Node3D" parent="Spawns"]
transform = Transform3D(-0.707107, 0, 0.707107, 0, 1, 0, -0.707107, 0, -0.707107, 20.4505, 0.25, -28.2449)

[node name="Spawn53" type="Node3D" parent="Spawns"]
transform = Transform3D(-0.707107, 0, -0.707107, 0, 1, 0, 0.707107, 0, -0.707107, 12.2154, 0.25, -28.2449)

[node name="Spawn54" type="Node3D" parent="Spawns"]
transform = Transform3D(-2.18557e-07, 0, 1, 0, 1, 0, -1, 0, -2.18557e-07, 17.9015, 0.25, -22.428)

[node name="Spawn55" type="Node3D" parent="Spawns"]
transform = Transform3D(-2.18557e-07, 0, 1, 0, 1, 0, -1, 0, -2.18557e-07, 22.0191, 0.25, -26.2188)

[node name="Spawn56" type="Node3D" parent="Spawns"]
transform = Transform3D(-1, 0, -8.74228e-08, 0, 1, 0, 8.74228e-08, 0, -1, 25.6791, 0.25, -22.5587)

[node name="Spawn57" type="Node3D" parent="Spawns"]
transform = Transform3D(-1, 0, -8.74228e-08, 0, 1, 0, 8.74228e-08, 0, -1, 21.5616, 0.25, -18.5065)

[node name="Spawn58" type="Node3D" parent="Spawns"]
transform = Transform3D(1.31134e-07, 0, -1, 0, 1, 0, 1, 0, 1.31134e-07, 14.4196, 0.25, -11.3303)

[node name="Spawn60" type="Node3D" parent="Spawns"]
transform = Transform3D(1.31134e-07, 0, -1, 0, 1, 0, 1, 0, 1.31134e-07, -3.5636, 0.25, -0.40234)

[node name="Spawn61" type="Node3D" parent="Spawns"]
transform = Transform3D(1.31134e-07, 0, -1, 0, 1, 0, 1, 0, 1.31134e-07, 2.33397, 4.25, -8.54958)

[node name="Spawn62" type="Node3D" parent="Spawns"]
transform = Transform3D(1, 0, 0, 0, 1, 0, 0, 0, 1, 8.76071, 4.25, -2.29519)

[node name="Spawn63" type="Node3D" parent="Spawns"]
transform = Transform3D(0.707107, 0, -0.707107, 0, 1, 0, 0.707107, 0, 0.707107, 3.28438, 4.25, -2.22151)

[node name="Spawn64" type="Node3D" parent="Spawns"]
transform = Transform3D(0.707107, 0, -0.707107, 0, 1, 0, 0.707107, 0, 0.707107, 2.34782, 4.25, -3.25659)

[node name="Pickups" type="Node3D" parent="."]

[node name="PistolAmmo1" parent="Pickups" instance=ExtResource("3_fq3o5")]
transform = Transform3D(-1, 0, -8.74228e-08, 0, 1, 0, 8.74228e-08, 0, -1, 26.5, 0, 26.5)

[node name="PistolAmmo2" parent="Pickups" instance=ExtResource("3_fq3o5")]
transform = Transform3D(1, 0, 0, 0, 1, 0, 0, 0, 1, -26.5, 0, -26.5)

[node name="RifleAmmo1" parent="Pickups" instance=ExtResource("3_fq3o5")]
transform = Transform3D(-4.37114e-08, 0, 1, 0, 1, 0, -1, 0, -4.37114e-08, 0, 4, -6)
weapon = 1
amount = 30

[node name="RifleAmmo2" parent="Pickups" instance=ExtResource("3_fq3o5")]
transform = Transform3D(-4.37114e-08, 0, -1, 0, 1, 0, 1, 0, -4.37114e-08, 0, 4, 6)
weapon = 1
amount = 30

[node name="RiflePickup" parent="Pickups" instance=ExtResource("4_bexsk")]
weapon = 1
respawn_time = 15

[node name="PistolPickup1" parent="Pickups" instance=ExtResource("4_bexsk")]
transform = Transform3D(1, 0, 0, 0, 1, 0, 0, 0, 1, 6, 4, 0)
weapon = 0
respawn_time = 5

[node name="PistolPickup2" parent="Pickups" instance=ExtResource("4_bexsk")]
transform = Transform3D(1, 0, 0, 0, 1, 0, 0, 0, 1, -26.5, 0, 26.5)
weapon = 0
respawn_time = 5

[node name="PistolPickup3" parent="Pickups" instance=ExtResource("4_bexsk")]
transform = Transform3D(1, 0, 0, 0, 1, 0, 0, 0, 1, -6, 4, 0)
weapon = 0
respawn_time = 5

[node name="PistolPickup4" parent="Pickups" instance=ExtResource("4_bexsk")]
transform = Transform3D(1, 0, 0, 0, 1, 0, 0, 0, 1, 26.5, 0, -26.5)
weapon = 0
respawn_time = 5

[node name="HealthPack1" parent="Pickups" instance=ExtResource("5_sik53")]
transform = Transform3D(1, 0, 0, 0, 1, 0, 0, 0, 1, -22.25, 0, 3.5)
respawn_time = 45

[node name="HealthPack2" parent="Pickups" instance=ExtResource("5_sik53")]
transform = Transform3D(1, 0, 0, 0, 1, 0, 0, 0, 1, 22.25, 0, -3.5)
respawn_time = 45

[node name="Armor1" parent="Pickups" instance=ExtResource("6_yg44v")]
transform = Transform3D(1, 0, 0, 0, 1, 0, 0, 0, 1, -3.5, 0, -22.25)
respawn_time = 45

[node name="Armor2" parent="Pickups" instance=ExtResource("6_yg44v")]
transform = Transform3D(1, 0, 0, 0, 1, 0, 0, 0, 1, 3.5, 0, 22.25)
respawn_time = 45

[node name="NavPoints" type="Node3D" parent="."]

[node name="NavPoint1" type="Node3D" parent="NavPoints"]
transform = Transform3D(1, 0, 0, 0, 1, 0, 0, 0, 1, 10, 0.1, 20)

[node name="NavPoint2" type="Node3D" parent="NavPoints"]
transform = Transform3D(1, 0, 0, 0, 1, 0, 0, 0, 1, 20, 0.1, 27)

[node name="NavPoint3" type="Node3D" parent="NavPoints"]
transform = Transform3D(1, 0, 0, 0, 1, 0, 0, 0, 1, 27, 0.1, 20)

[node name="NavPoint4" type="Node3D" parent="NavPoints"]
transform = Transform3D(1, 0, 0, 0, 1, 0, 0, 0, 1, 20, 0.1, 10)

[node name="NavPoint5" type="Node3D" parent="NavPoints"]
transform = Transform3D(1, 0, 0, 0, 1, 0, 0, 0, 1, 8.5, 4.1, 10)

[node name="NavPoint6" type="Node3D" parent="NavPoints"]
transform = Transform3D(1, 0, 0, 0, 1, 0, 0, 0, 1, 5, 0.1, -3.5)

[node name="NavPoint7" type="Node3D" parent="NavPoints"]
transform = Transform3D(-4.37114e-08, 0, 1, 0, 1, 0, -1, 0, -4.37114e-08, 20, 0.1, -10)

[node name="NavPoint8" type="Node3D" parent="NavPoints"]
transform = Transform3D(-4.37114e-08, 0, 1, 0, 1, 0, -1, 0, -4.37114e-08, 27, 0.1, -20)

[node name="NavPoint9" type="Node3D" parent="NavPoints"]
transform = Transform3D(-4.37114e-08, 0, 1, 0, 1, 0, -1, 0, -4.37114e-08, 20, 0.1, -27)

[node name="NavPoint10" type="Node3D" parent="NavPoints"]
transform = Transform3D(-4.37114e-08, 0, 1, 0, 1, 0, -1, 0, -4.37114e-08, 10, 0.1, -20)

[node name="NavPoint11" type="Node3D" parent="NavPoints"]
transform = Transform3D(-4.37114e-08, 0, 1, 0, 1, 0, -1, 0, -4.37114e-08, 10, 4.1, -8.5)

[node name="NavPoint12" type="Node3D" parent="NavPoints"]
transform = Transform3D(-4.37114e-08, 0, 1, 0, 1, 0, -1, 0, -4.37114e-08, -3.5, 0.1, -5)

[node name="NavPoint13" type="Node3D" parent="NavPoints"]
transform = Transform3D(-1, 0, -8.74228e-08, 0, 1, 0, 8.74228e-08, 0, -1, -10, 0.1, -20)

[node name="NavPoint14" type="Node3D" parent="NavPoints"]
transform = Transform3D(-1, 0, -8.74228e-08, 0, 1, 0, 8.74228e-08, 0, -1, -20, 0.1, -27)

[node name="NavPoint15" type="Node3D" parent="NavPoints"]
transform = Transform3D(-1, 0, -8.74228e-08, 0, 1, 0, 8.74228e-08, 0, -1, -27, 0.1, -20)

[node name="NavPoint16" type="Node3D" parent="NavPoints"]
transform = Transform3D(-1, 0, -8.74228e-08, 0, 1, 0, 8.74228e-08, 0, -1, -20, 0.1, -10)

[node name="NavPoint17" type="Node3D" parent="NavPoints"]
transform = Transform3D(-1, 0, -8.74228e-08, 0, 1, 0, 8.74228e-08, 0, -1, -8.5, 4.1, -10)

[node name="NavPoint18" type="Node3D" parent="NavPoints"]
transform = Transform3D(-1, 0, -8.74228e-08, 0, 1, 0, 8.74228e-08, 0, -1, -5, 0.1, 3.5)

[node name="NavPoint19" type="Node3D" parent="NavPoints"]
transform = Transform3D(1.31134e-07, 0, -1, 0, 1, 0, 1, 0, 1.31134e-07, -20, 0.1, 10)

[node name="NavPoint20" type="Node3D" parent="NavPoints"]
transform = Transform3D(1.31134e-07, 0, -1, 0, 1, 0, 1, 0, 1.31134e-07, -27, 0.1, 20)

[node name="NavPoint21" type="Node3D" parent="NavPoints"]
transform = Transform3D(1.31134e-07, 0, -1, 0, 1, 0, 1, 0, 1.31134e-07, -20, 0.1, 27)

[node name="NavPoint22" type="Node3D" parent="NavPoints"]
transform = Transform3D(1.31134e-07, 0, -1, 0, 1, 0, 1, 0, 1.31134e-07, -10, 0.1, 20)

[node name="NavPoint23" type="Node3D" parent="NavPoints"]
transform = Transform3D(1.31134e-07, 0, -1, 0, 1, 0, 1, 0, 1.31134e-07, -10, 4.1, 8.5)

[node name="NavPoint24" type="Node3D" parent="NavPoints"]
transform = Transform3D(1.31134e-07, 0, -1, 0, 1, 0, 1, 0, 1.31134e-07, 3.5, 0.1, 5)

[node name="Pause" type="Node" parent="."]
process_mode = 3
script = SubResource("GDScript_arxdg")

[node name="MusicPlayer" type="AudioStreamPlayer" parent="."]
process_mode = 3
stream = ExtResource("5_gnk7r")
volume_db = -20.0
autoplay = true
bus = &"Music"
