[gd_scene load_steps=4 format=3 uid="uid://bb1otskk4hdc6"]

[ext_resource type="PackedScene" uid="uid://65jhlh1xbkow" path="res://Characters/CharacterBase.tscn" id="1_chbam"]
[ext_resource type="Script" path="res://Characters/Campaign/CampaignPlayer.gd" id="2_y7402"]
[ext_resource type="PackedScene" uid="uid://cvpfdvyui6d4b" path="res://Characters/FirstPerson.tscn" id="3_jtbiy"]

[node name="Player" instance=ExtResource("1_chbam")]
script = ExtResource("2_y7402")

[node name="Skeleton3D" parent="Mannequin/Mannequin" index="0"]
bones/0/position = Vector3(-5.98402e-06, 0.962049, -4.11959e-07)
bones/1/rotation = Quaternion(-0.0512984, -0.00149924, -0.00256852, 0.998679)
bones/2/rotation = Quaternion(0.0468765, -8.54565e-05, -0.000686308, 0.9989)
bones/3/rotation = Quaternion(0.0422671, -0.000696563, -0.00254837, 0.999103)
bones/4/rotation = Quaternion(0.0407521, 0.0231608, -0.00178514, 0.998899)
bones/5/rotation = Quaternion(-0.080777, 0.025592, 0.00215434, 0.996401)
bones/7/rotation = Quaternion(0.375222, 0.636346, 0.503717, -0.44782)
bones/8/rotation = Quaternion(-0.00151618, 0.764436, 0.611566, 0.204017)
bones/9/rotation = Quaternion(-0.0961201, 0.21674, 0.661563, 0.71142)
bones/10/rotation = Quaternion(0.100994, -0.647211, 0.243786, 0.715183)
bones/11/rotation = Quaternion(-0.0846815, 0.913929, 0.221105, 0.329659)
bones/12/rotation = Quaternion(0.396597, -0.108938, 0.0863541, 0.907406)
bones/13/rotation = Quaternion(-0.0667113, -0.349784, -0.116361, 0.927179)
bones/15/rotation = Quaternion(-0.27701, 0.0111924, -0.0133621, 0.960709)
bones/16/rotation = Quaternion(-0.394132, 0.0748243, -0.0378347, 0.915221)
bones/17/rotation = Quaternion(-0.198663, -0.0195863, -0.0464442, 0.978771)
bones/19/rotation = Quaternion(-0.34146, -0.0124949, -0.0122768, 0.939733)
bones/20/rotation = Quaternion(-0.367931, 0.0979229, -0.0508837, 0.923281)
bones/21/rotation = Quaternion(-0.185155, 0.0564549, 0.0157491, 0.98096)
bones/23/rotation = Quaternion(-0.417372, -0.0495453, 0.0739262, 0.904368)
bones/24/rotation = Quaternion(-0.231553, 0.0538934, 0.0132004, 0.971239)
bones/25/rotation = Quaternion(-0.32533, 0.0421658, -0.00664438, 0.944637)
bones/27/rotation = Quaternion(-0.397955, 0.010608, 0.0286129, 0.916897)
bones/28/rotation = Quaternion(-0.260881, 0.0830246, -0.0201516, 0.961583)
bones/29/rotation = Quaternion(0.000457257, 0.0400854, -0.0114233, 0.999131)
bones/31/rotation = Quaternion(0.409432, -0.596528, -0.484254, -0.491953)
bones/32/rotation = Quaternion(-0.415726, 0.700633, 0.355869, -0.457868)
bones/33/rotation = Quaternion(0.178591, -0.0842388, -0.441119, 0.875456)
bones/34/rotation = Quaternion(-0.188426, -0.363312, -0.000576276, 0.912414)
bones/35/rotation = Quaternion(-0.45572, -0.392513, -0.405908, 0.688107)
bones/36/rotation = Quaternion(0.385771, 0.38194, 0.0486987, 0.83841)
bones/37/rotation = Quaternion(7.45058e-09, -7.45058e-09, 0, 1)
bones/39/rotation = Quaternion(-0.635809, 0.271675, -0.295115, 0.659429)
bones/40/rotation = Quaternion(-0.447725, -0.422174, -0.22703, 0.75483)
bones/41/rotation = Quaternion(-0.210745, -0.13336, 0.0381173, 0.967651)
bones/43/rotation = Quaternion(-0.694862, -0.0388446, 0.0236493, 0.717704)
bones/44/rotation = Quaternion(-0.482599, -0.0719048, -0.00110418, 0.872884)
bones/45/rotation = Quaternion(-0.363125, -0.103124, -0.00466366, 0.926004)
bones/47/rotation = Quaternion(-0.694862, -0.0388446, 0.0236493, 0.717704)
bones/48/rotation = Quaternion(-0.485937, -0.089175, -0.00948336, 0.869381)
bones/49/rotation = Quaternion(-0.383727, -0.0216662, 0.0531684, 0.92166)
bones/51/rotation = Quaternion(-0.694862, -0.0388445, 0.0236493, 0.717704)
bones/52/rotation = Quaternion(-0.406755, -0.0937952, -0.0314754, 0.908164)
bones/53/rotation = Quaternion(-0.420121, -0.0291939, 0.0640665, 0.904733)
bones/55/rotation = Quaternion(0.0155962, -0.200379, 0.979158, 0.0292304)
bones/56/rotation = Quaternion(0.000627652, 0.979075, 0.202602, -0.0190973)
bones/57/rotation = Quaternion(0.0600534, 0.700573, -0.708407, 0.0612332)
bones/58/rotation = Quaternion(-0.00623871, 0.985966, -0.164283, -0.0290379)
bones/60/rotation = Quaternion(0.00470322, 0.0586903, 0.997904, -0.0268647)
bones/61/rotation = Quaternion(0.000606112, 0.993411, 0.113617, -0.0149954)
bones/62/rotation = Quaternion(-0.0748238, 0.789793, -0.606272, -0.0553499)
bones/63/rotation = Quaternion(0.0102404, 0.992902, -0.11743, 0.0158373)

[node name="Joints" parent="Mannequin/Mannequin/Skeleton3D" index="0"]
cast_shadow = 3

[node name="Surface" parent="Mannequin/Mannequin/Skeleton3D" index="1"]
cast_shadow = 3

[node name="Head" parent="Mannequin/Mannequin/Skeleton3D" index="2"]
transform = Transform3D(0.995732, 0.00104047, 0.0922821, -0.00139529, 0.999992, 0.00378045, -0.0922774, -0.00389309, 0.995726, 0.00353098, 1.56967, 0.018189)

[node name="HeadArea" parent="Mannequin/Mannequin/Skeleton3D/Head" index="0"]
collision_layer = 4

[node name="Neck" parent="Mannequin/Mannequin/Skeleton3D" index="3"]
transform = Transform3D(0.999084, 0.01605, 0.0396608, -0.00962956, 0.987542, -0.157063, -0.0416875, 0.156537, 0.986792, 0.00311163, 1.4628, 0.0330412)

[node name="NeckArea" parent="Mannequin/Mannequin/Skeleton3D/Neck" index="0"]
collision_layer = 4

[node name="R_UpperArm" parent="Mannequin/Mannequin/Skeleton3D" index="4"]
transform = Transform3D(0.986293, -0.164289, -0.0152997, 0.147994, 0.921829, -0.35823, 0.0729571, 0.351055, 0.933508, 0.189471, 1.37427, 0.0318281)

[node name="UpperArmArea" parent="Mannequin/Mannequin/Skeleton3D/R_UpperArm" index="0"]
collision_layer = 4

[node name="R_Forearm" parent="Mannequin/Mannequin/Skeleton3D" index="5"]
transform = Transform3D(0.720447, 0.636303, -0.275816, -0.647816, 0.475489, -0.595185, -0.247571, 0.607477, 0.754772, 0.234494, 1.12164, -0.0643556)

[node name="ForearmArea" parent="Mannequin/Mannequin/Skeleton3D/R_Forearm" index="0"]
collision_layer = 4

[node name="R_Hand" parent="Mannequin/Mannequin/Skeleton3D" index="6"]
transform = Transform3D(0.433783, 0.78524, -0.441849, -0.806923, 0.55675, 0.197245, 0.400884, 0.270976, 0.875136, 0.0587646, 0.990347, -0.232102)

[node name="HandArea" parent="Mannequin/Mannequin/Skeleton3D/R_Hand" index="0"]
collision_layer = 4

[node name="L_UpperArm" parent="Mannequin/Mannequin/Skeleton3D" index="7"]
transform = Transform3D(0.581862, 0.146601, 0.799965, -0.226655, 0.97388, -0.0136128, -0.781066, -0.173395, 0.599892, -0.184111, 1.37836, 0.0127244)

[node name="UpperArmArea" parent="Mannequin/Mannequin/Skeleton3D/L_UpperArm" index="0"]
collision_layer = 4

[node name="L_Forearm" parent="Mannequin/Mannequin/Skeleton3D" index="8"]
transform = Transform3D(-0.198678, -0.43638, 0.877553, 0.875102, 0.324168, 0.359321, -0.441275, 0.839338, 0.317472, -0.224306, 1.11147, 0.0602282)

[node name="ForearmArea" parent="Mannequin/Mannequin/Skeleton3D/L_Forearm" index="0"]
collision_layer = 4

[node name="L_Hand" parent="Mannequin/Mannequin/Skeleton3D" index="9"]
transform = Transform3D(0.75187, -0.430508, 0.499355, 0.45895, -0.20201, -0.865192, 0.473346, 0.87969, 0.0456968, -0.103797, 1.02193, -0.17154)

[node name="HandArea" parent="Mannequin/Mannequin/Skeleton3D/L_Hand" index="0"]
collision_layer = 4

[node name="Chest" parent="Mannequin/Mannequin/Skeleton3D" index="10"]
transform = Transform3D(0.999923, 0.0110872, -0.00558167, -0.0114776, 0.997072, -0.0756073, 0.00472705, 0.0756656, 0.997122, 0.00138775, 1.31232, 0.0295729)

[node name="ChestArea" parent="Mannequin/Mannequin/Skeleton3D/Chest" index="0"]
collision_layer = 4

[node name="Stomach" parent="Mannequin/Mannequin/Skeleton3D" index="11"]
transform = Transform3D(0.999974, 0.00636816, -0.00344892, -0.00633738, 0.999941, 0.008864, 0.00350516, -0.0088419, 0.999955, 0.000582226, 1.17858, 0.0144903)

[node name="StomachArea" parent="Mannequin/Mannequin/Skeleton3D/Stomach" index="0"]
collision_layer = 4

[node name="Hips" parent="Mannequin/Mannequin/Skeleton3D" index="12"]
transform = Transform3D(1, 0, 0, 0, 1, 0, 0, 0, 1, -5.98402e-06, 0.962049, -4.11959e-07)

[node name="HipsArea" parent="Mannequin/Mannequin/Skeleton3D/Hips" index="0"]
collision_layer = 4

[node name="R_Thigh" parent="Mannequin/Mannequin/Skeleton3D" index="13"]
transform = Transform3D(-0.998513, 0.0541688, 0.00623332, -0.0530647, -0.991668, 0.117387, 0.0125401, 0.116882, 0.993067, 0.0912385, 0.895485, 0.00055338)

[node name="ThighArea" parent="Mannequin/Mannequin/Skeleton3D/R_Thigh" index="0"]
collision_layer = 4

[node name="R_Shin" parent="Mannequin/Mannequin/Skeleton3D" index="14"]
transform = Transform3D(0.99813, 0.0495724, 0.0357706, 0.0587391, -0.939813, -0.336604, 0.0169313, 0.338076, -0.940967, 0.115704, 0.493646, 0.0530787)

[node name="ShinArea" parent="Mannequin/Mannequin/Skeleton3D/R_Shin" index="0"]
collision_layer = 4

[node name="R_Foot" parent="Mannequin/Mannequin/Skeleton3D" index="15"]
transform = Transform3D(-0.976997, -0.206343, -0.0538483, -0.0696875, 0.0702742, 0.995091, -0.201545, 0.975953, -0.0830371, 0.133369, 0.105267, 0.21458)

[node name="FootArea" parent="Mannequin/Mannequin/Skeleton3D/R_Foot" index="0"]
collision_layer = 4

[node name="L_Thigh" parent="Mannequin/Mannequin/Skeleton3D" index="16"]
transform = Transform3D(-0.997805, -0.0634927, 0.018828, 0.0509921, -0.917988, -0.393317, 0.0422567, -0.391493, 0.91921, -0.0912506, 0.895485, 0.000553348)

[node name="ThighArea" parent="Mannequin/Mannequin/Skeleton3D/L_Thigh" index="0"]
collision_layer = 4

[node name="L_Shin" parent="Mannequin/Mannequin/Skeleton3D" index="17"]
transform = Transform3D(0.998198, -0.0597588, -0.00539972, -0.0597877, -0.998197, -0.00536436, -0.00506941, 0.00567758, -0.999971, -0.11937, 0.520921, -0.153532)

[node name="ShinArea" parent="Mannequin/Mannequin/Skeleton3D/L_Shin" index="0"]
collision_layer = 4

[node name="L_Foot" parent="Mannequin/Mannequin/Skeleton3D" index="18"]
transform = Transform3D(-0.982434, 0.176563, 0.0604055, 0.0624325, 0.00594278, 0.998032, 0.175856, 0.984272, -0.0168616, -0.141944, 0.101164, -0.130566)

[node name="FootArea" parent="Mannequin/Mannequin/Skeleton3D/L_Foot" index="0"]
collision_layer = 4

[node name="AnimTree" parent="Mannequin" index="2"]
parameters/Upper/Pistol/Guard/blend_position = 0
parameters/Upper/Rifle/Guard/blend_position = 0
parameters/Upper/SMG/Guard/blend_position = 0
parameters/Upper/Slapper/Guard/blend_position = 0

[node name="Camera" parent="AimHelper" index="0"]
transform = Transform3D(1, 0, 0, 0, 1, 0, 0, 0, 1, 0, 0, 0)

[node name="RemoteTransform3D" type="RemoteTransform3D" parent="AimHelper/Camera" index="0"]
remote_path = NodePath("../../FirstPerson/FPCanvas/SubViewportContainer/SubViewport/FPCamera")
update_scale = false

[node name="ShootCast" parent="AimHelper" index="1"]
visible = true

[node name="FirstPerson" parent="AimHelper" index="2" instance=ExtResource("3_jtbiy")]
unique_name_in_owner = true
transform = Transform3D(1, 0, 0, 0, 1, 0, 0, 0, 1, 0, -0.22, 0)

[node name="FPCanvas" type="CanvasLayer" parent="AimHelper/FirstPerson" index="3"]

[node name="SubViewportContainer" type="SubViewportContainer" parent="AimHelper/FirstPerson/FPCanvas" index="0"]
anchors_preset = 15
anchor_right = 1.0
anchor_bottom = 1.0
grow_horizontal = 2
grow_vertical = 2
stretch = true

[node name="SubViewport" type="SubViewport" parent="AimHelper/FirstPerson/FPCanvas/SubViewportContainer" index="0"]
transparent_bg = true
handle_input_locally = false
size = Vector2i(1920, 1080)
render_target_update_mode = 4

[node name="FPCamera" type="Camera3D" parent="AimHelper/FirstPerson/FPCanvas/SubViewportContainer/SubViewport" index="0"]
transform = Transform3D(1, 0, 0, 0, 1, 0, 0, 0, 1, 0, 1.65, 0)
cull_mask = 8

[editable path="Mannequin"]
