[gd_scene load_steps=8 format=3 uid="uid://la6he6vwubnb"]

[ext_resource type="PackedScene" uid="uid://1s5qidco641t" path="res://Characters/CharacterBase.tscn" id="1_rf7ub"]
[ext_resource type="Script" path="res://Characters/Campaign/CampaignEnemy.gd" id="2_pqw3d"]
[ext_resource type="PackedScene" uid="uid://cy12nf62sv60i" path="res://Debug/VectorCube.tscn" id="3_3vsup"]
[ext_resource type="Script" path="res://addons/StateMachine/StateMachine/state_machine.gd" id="3_7r2cl"]
[ext_resource type="Script" path="res://Characters/Campaign/GuardState.gd" id="3_h5c2t"]
[ext_resource type="PackedScene" uid="uid://bd2fp3xjnl5vp" path="res://Characters/Campaign/VisionCone.tscn" id="3_u6o4h"]
[ext_resource type="Script" path="res://Characters/Campaign/AlertState.gd" id="5_geefd"]

[node name="CampaignEnemy" instance=ExtResource("1_rf7ub")]
script = ExtResource("2_pqw3d")

[node name="NavAgent" type="NavigationAgent3D" parent="." index="0"]
debug_enabled = true

[node name="StateMachine" type="Node" parent="." index="1" node_paths=PackedStringArray("initial_state")]
script = ExtResource("3_7r2cl")
initial_state = NodePath("GuardState")

[node name="GuardState" type="Node" parent="StateMachine" index="0" node_paths=PackedStringArray("enemy")]
script = ExtResource("3_h5c2t")
enemy = NodePath("../..")

[node name="AlertState" type="Node" parent="StateMachine" index="1" node_paths=PackedStringArray("enemy")]
script = ExtResource("5_geefd")
enemy = NodePath("../..")

[node name="TargetCast" type="RayCast3D" parent="." index="3"]
unique_name_in_owner = true
transform = Transform3D(1, 0, 0, 0, 1, 0, 0, 0, 1, 0, 1.65, 0)
target_position = Vector3(0, 0, -1)
collision_mask = 3
debug_shape_custom_color = Color(0, 0.54902, 0.282353, 1)

[node name="Weapons" parent="." index="4"]
transform = Transform3D(0.842984, -0.0741161, 0.532808, -0.259054, 0.812118, 0.522833, -0.471453, -0.578766, 0.665403, 0.1686, 1.46485, -0.382132)

[node name="LookHelper" type="Node3D" parent="." index="5"]
transform = Transform3D(1, 0, 0, 0, 1, 0, 0, 0, 1, 0, 1.65, 0)

[node name="VisionCone" parent="LookHelper" index="0" node_paths=PackedStringArray("parent") instance=ExtResource("3_u6o4h")]
unique_name_in_owner = true
transform = Transform3D(5, 0, 0, 0, -2.18557e-07, -5, 0, 5, -2.18557e-07, 0, 0, 0)
parent = NodePath("../..")

[node name="VectorCube" parent="AimHelper" index="0" instance=ExtResource("3_3vsup")]
transform = Transform3D(0.5, 0, 0, 0, 0.5, 0, 0, 0, 0.5, 0, 0, 0)
visible = false

[node name="ShootCast" parent="AimHelper" index="2"]
collision_mask = 13

[node name="Skeleton3D" parent="Puppet" index="2"]
bones/1/position = Vector3(-8.81538e-10, 0.897158, -0.0641973)
bones/2/rotation = Quaternion(-0.143522, 0.000913514, 0.00242267, 0.989644)
bones/4/rotation = Quaternion(0.0825532, 0.0131082, 0.0180888, 0.996336)
bones/5/rotation = Quaternion(-0.0232607, -0.000147825, -0.00110419, 0.999729)
bones/7/rotation = Quaternion(-0.189648, 0.259185, -0.488227, 0.811475)
bones/8/rotation = Quaternion(0.256829, 0.0352126, -0.0500136, 0.96452)
bones/9/rotation = Quaternion(-0.00567929, -0.3348, -0.0190279, 0.94208)
bones/11/rotation = Quaternion(-0.137421, -0.0284409, 0.158071, 0.977405)
bones/12/rotation = Quaternion(-0.0728706, -0.00440988, -0.0389535, 0.996571)
bones/14/rotation = Quaternion(0.0637884, -0.17191, -0.0805546, 0.979739)
bones/15/rotation = Quaternion(0.0688573, 0.146545, 0.0441172, 0.985818)
bones/17/rotation = Quaternion(-0.303789, -0.0306317, 0.278712, 0.910546)
bones/18/rotation = Quaternion(-0.0645516, 0.0977242, -0.0941116, 0.988649)
bones/20/rotation = Quaternion(0.202696, 0.119445, 0.507478, 0.828923)
bones/21/rotation = Quaternion(0.694345, -0.0257995, 0.135198, 0.706358)
bones/22/rotation = Quaternion(0.126953, 0.269473, -0.0658024, 0.952333)
bones/24/rotation = Quaternion(-0.129792, 0.0432726, -0.136189, 0.98119)
bones/25/rotation = Quaternion(-0.0598206, 0.0144898, 0.0211855, 0.997879)
bones/27/rotation = Quaternion(0.0951946, 0.161132, 0.105319, 0.976669)
bones/28/rotation = Quaternion(0.0978341, -0.128163, -0.0755096, 0.984023)
bones/30/rotation = Quaternion(-0.520387, -0.383825, 0.592264, 0.480727)
bones/31/rotation = Quaternion(-0.291467, -0.110498, 0.336933, 0.888433)
bones/33/rotation = Quaternion(-0.590302, 0.229099, -0.155351, 0.758237)
bones/34/rotation = Quaternion(-0.0655299, 0.0038909, 0.100397, 0.992779)
bones/35/rotation = Quaternion(0.261813, -0.135164, -0.61289, 0.733179)
bones/36/rotation = Quaternion(0.00495412, -0.00577786, -0.163837, 0.986458)
bones/38/rotation = Quaternion(-0.530687, -0.0671366, 0.325038, 0.779881)
bones/39/rotation = Quaternion(-0.117852, -0.00382554, -0.18056, 0.97647)
bones/40/rotation = Quaternion(0.219107, 0.130374, 0.505787, 0.82412)
bones/41/rotation = Quaternion(0.00495411, 0.00577787, 0.163837, 0.986458)

[node name="Head" parent="Puppet/Skeleton3D" index="1"]
transform = Transform3D(-0.999984, -0.00567319, 0.000514845, -0.00568012, 0.986176, -0.165601, 0.000431761, -0.165601, -0.986193, -0.000894809, 1.57659, -0.0400269)

[node name="HeadArea" parent="Puppet/Skeleton3D/Head" index="0"]
collision_layer = 8
collision_mask = 1

[node name="Neck" parent="Puppet/Skeleton3D" index="2"]
transform = Transform3D(-0.999994, -0.00344221, 0.000431206, -0.00345561, 0.977417, -0.211289, 0.000305839, -0.211289, -0.977424, -0.000673868, 1.51385, -0.0264651)

[node name="NeckArea" parent="Puppet/Skeleton3D/Neck" index="0"]
collision_layer = 8
collision_mask = 1

[node name="Chest" parent="Puppet/Skeleton3D" index="3"]
transform = Transform3D(-0.999987, 0.00505748, -0.00111307, 0.00474979, 0.981394, 0.191946, 0.00206313, 0.191938, -0.981405, -1.78813e-09, 1.13533, -0.0868667)

[node name="ChestArea" parent="Puppet/Skeleton3D/Chest" index="0"]
collision_layer = 8
collision_mask = 1

[node name="Stomach" parent="Puppet/Skeleton3D" index="4"]
transform = Transform3D(-1, -3.78941e-09, -3.89234e-07, 3.31093e-08, 0.995501, -0.0947544, 3.87842e-07, -0.0947544, -0.995501, -8.81538e-10, 0.897158, -0.0641973)

[node name="StomachArea" parent="Puppet/Skeleton3D/Stomach" index="0"]
collision_layer = 8
collision_mask = 1

[node name="R_UpperArm" parent="Puppet/Skeleton3D" index="5"]
transform = Transform3D(0.983872, 0.173211, -0.0446524, 0.154335, -0.69583, 0.701429, 0.0904245, -0.697007, -0.71134, 0.194497, 1.39722, -0.0335874)

[node name="R_UpperArmArea" parent="Puppet/Skeleton3D/R_UpperArm" index="0"]
collision_layer = 8
collision_mask = 1

[node name="R_Forearm" parent="Puppet/Skeleton3D" index="6"]
transform = Transform3D(0.963461, -0.26679, -0.0237903, 0.197773, 0.648686, 0.73491, -0.180634, -0.712762, 0.677748, 0.230641, 1.25202, -0.179033)

[node name="R_ForearmArea" parent="Puppet/Skeleton3D/R_Forearm" index="0"]
collision_layer = 8
collision_mask = 1

[node name="R_Hand" parent="Puppet/Skeleton3D" index="7"]
transform = Transform3D(0.842984, -0.0741161, 0.532808, -0.259054, 0.812118, 0.522833, -0.471453, -0.578766, 0.665403, 0.17587, 1.38519, -0.325359)

[node name="R_HandArea" parent="Puppet/Skeleton3D/R_Hand" index="0"]
collision_layer = 8
collision_mask = 1

[node name="L_UpperArm" parent="Puppet/Skeleton3D" index="8"]
transform = Transform3D(0.97629, -0.197234, 0.089208, -0.159317, -0.933674, -0.320737, 0.146551, 0.298919, -0.942958, -0.195424, 1.39652, -0.0335327)

[node name="L_UpperArmArea" parent="Puppet/Skeleton3D/L_UpperArm" index="0"]
collision_layer = 8
collision_mask = 1

[node name="L_Forearm" parent="Puppet/Skeleton3D" index="9"]
transform = Transform3D(0.976094, -0.0144963, 0.216864, -0.0549073, -0.981857, 0.181503, 0.210298, -0.189071, -0.95918, -0.236582, 1.20169, 0.0288433)

[node name="L_ForearmArea" parent="Puppet/Skeleton3D/L_Forearm" index="0"]
collision_layer = 8
collision_mask = 1

[node name="L_Hand" parent="Puppet/Skeleton3D" index="10"]
transform = Transform3D(0.893877, 0.0246641, -0.447633, 0.103443, -0.982889, 0.15241, -0.436214, -0.18254, -0.881133, -0.239558, 1.00012, -0.00997166)

[node name="L_HandArea" parent="Puppet/Skeleton3D/L_Hand" index="0"]
collision_layer = 8
collision_mask = 1

[node name="R_Thigh" parent="Puppet/Skeleton3D" index="11"]
transform = Transform3D(0.486481, 0.0586582, 0.87172, -0.281574, -0.933982, 0.219986, 0.827075, -0.352473, -0.437848, 0.0851499, 0.879668, -0.0593682)

[node name="R_ThighArea" parent="Puppet/Skeleton3D/R_Thigh" index="0"]
collision_layer = 8
collision_mask = 1

[node name="R_Shin" parent="Puppet/Skeleton3D" index="12"]
transform = Transform3D(0.477727, 0.0257577, 0.878131, 0.076301, -0.997009, -0.0122651, 0.875189, 0.0728616, -0.478263, 0.109796, 0.487247, -0.207463)

[node name="R_ShinArea" parent="Puppet/Skeleton3D/R_Shin" index="0"]
collision_layer = 8
collision_mask = 1

[node name="R_Foot" parent="Puppet/Skeleton3D" index="13"]
transform = Transform3D(0.245938, 0.0720782, 0.966602, -0.853541, -0.456465, 0.25121, 0.459327, -0.886817, -0.0507407, 0.11946, 0.113162, -0.180125)

[node name="R_FootArea" parent="Puppet/Skeleton3D/R_Foot" index="0"]
collision_layer = 8
collision_mask = 1

[node name="L_Thigh" parent="Puppet/Skeleton3D" index="14"]
transform = Transform3D(0.496142, -0.049923, -0.866805, -0.133286, -0.990891, -0.0192204, -0.85795, 0.125069, -0.498276, -0.0851499, 0.879668, -0.0593682)

[node name="L_ThighArea" parent="Puppet/Skeleton3D/L_Thigh" index="0"]
collision_layer = 8
collision_mask = 1

[node name="L_Shin" parent="Puppet/Skeleton3D" index="15"]
transform = Transform3D(0.4943, -0.0355383, -0.868564, -0.327217, -0.933282, -0.148033, -0.805355, 0.357382, -0.47295, -0.106126, 0.463335, -0.00681937)

[node name="L_ShinArea" parent="Puppet/Skeleton3D/L_Shin" index="0"]
collision_layer = 8
collision_mask = 1

[node name="L_Foot" parent="Puppet/Skeleton3D" index="16"]
transform = Transform3D(0.245938, -0.072073, -0.966602, 0.853542, -0.456466, 0.251207, -0.459326, -0.886817, -0.050745, -0.11946, 0.113162, 0.127273)

[node name="L_FootArea" parent="Puppet/Skeleton3D/L_Foot" index="0"]
collision_layer = 8
collision_mask = 1

[node name="ShootTimer" type="Timer" parent="." index="9"]
one_shot = true

[connection signal="velocity_computed" from="NavAgent" to="." method="avoid_velocity"]

[editable path="Weapons/Pistol"]
[editable path="Weapons/Pistol/Mesh"]
[editable path="Weapons/SMG"]
[editable path="Weapons/SMG/Mesh"]
[editable path="Weapons/Rifle"]
[editable path="Weapons/Shotgun"]
[editable path="Weapons/Sniper"]
[editable path="Puppet"]
