[gd_scene load_steps=9 format=3 uid="uid://cv1xbqlbbiyub"]

[ext_resource type="Script" path="res://Characters/Campaign/CampaignEnemy.gd" id="1_6r1n6"]
[ext_resource type="PackedScene" uid="uid://65jhlh1xbkow" path="res://Characters/CharacterBase.tscn" id="1_ywjkl"]
[ext_resource type="Script" path="res://addons/StateMachine/StateMachine/state_machine.gd" id="3_2ytcc"]
[ext_resource type="Script" path="res://Characters/Campaign/CampaignFunc.gd" id="3_8llv2"]
[ext_resource type="Script" path="res://Characters/Campaign/GuardState.gd" id="4_y83vb"]
[ext_resource type="Script" path="res://Characters/Campaign/AlertState.gd" id="5_f7e51"]
[ext_resource type="PackedScene" uid="uid://bd2fp3xjnl5vp" path="res://Characters/Campaign/VisionCone.tscn" id="6_oihj4"]
[ext_resource type="Material" uid="uid://nd3s5x5tfn4y" path="res://Characters/Campaign/EnemyMat.tres" id="7_c21dw"]

[node name="CampaignEnemy" node_paths=PackedStringArray("mode_func") instance=ExtResource("1_ywjkl")]
script = ExtResource("1_6r1n6")
starting_weapon = 0
mode_func = NodePath("CampaignFunc")

[node name="CampaignFunc" type="Node" parent="." index="0" node_paths=PackedStringArray("character")]
script = ExtResource("3_8llv2")
character = NodePath("..")

[node name="NavAgent" type="NavigationAgent3D" parent="." index="2"]

[node name="StateMachine" type="Node" parent="." index="3" node_paths=PackedStringArray("initial_state")]
script = ExtResource("3_2ytcc")
initial_state = NodePath("GuardState")

[node name="GuardState" type="Node" parent="StateMachine" index="0" node_paths=PackedStringArray("enemy")]
script = ExtResource("4_y83vb")
enemy = NodePath("../..")

[node name="AlertState" type="Node" parent="StateMachine" index="1" node_paths=PackedStringArray("enemy")]
script = ExtResource("5_f7e51")
enemy = NodePath("../..")

[node name="TargetCast" type="RayCast3D" parent="." index="4"]
unique_name_in_owner = true
transform = Transform3D(1, 0, 0, 0, 1, 0, 0, 0, 1, 0, 1.65, 0)
target_position = Vector3(0, 0, -1)
collision_mask = 3
debug_shape_custom_color = Color(0, 0.54902, 0.282353, 1)

[node name="LookHelper" type="Node3D" parent="." index="5"]
transform = Transform3D(1, 0, 0, 0, 1, 0, 0, 0, 1, 0, 1.65, 0)

[node name="VisionCone" parent="LookHelper" index="0" node_paths=PackedStringArray("parent") instance=ExtResource("6_oihj4")]
unique_name_in_owner = true
transform = Transform3D(10, 0, 0, 0, -4.37114e-07, -10, 0, 10, -4.37114e-07, 0, 0, 0)
parent = NodePath("../..")

[node name="Skeleton3D" parent="Mannequin/Mannequin" index="0"]
bones/0/position = Vector3(-5.98402e-06, 0.961178, -4.11911e-07)
bones/56/rotation = Quaternion(0.000622302, 0.979164, 0.202175, -0.0190716)
bones/57/rotation = Quaternion(0.0600335, 0.700443, -0.708538, 0.0612373)
bones/61/rotation = Quaternion(0.00059807, 0.993351, 0.114151, -0.0149663)
bones/62/rotation = Quaternion(-0.0750514, 0.790994, -0.604686, -0.055235)

[node name="Surface" parent="Mannequin/Mannequin/Skeleton3D" index="1"]
surface_material_override/0 = ExtResource("7_c21dw")

[node name="Head" parent="Mannequin/Mannequin/Skeleton3D" index="2"]
transform = Transform3D(1, 0.000418454, 0.000706413, -0.000346331, 0.99507, -0.099176, -0.000744431, 0.0991758, 0.99507, 3.8498e-05, 1.56508, 0.0228464)

[node name="HeadArea" parent="Mannequin/Mannequin/Skeleton3D/Head" index="0"]
collision_layer = 8

[node name="Neck" parent="Mannequin/Mannequin/Skeleton3D" index="3"]
transform = Transform3D(1, -1.1074e-08, 6.3271e-10, 1.1092e-08, 0.998335, -0.05768, 7.09021e-12, 0.05768, 0.998335, 2.9472e-05, 1.46022, 0.0482648)

[node name="NeckArea" parent="Mannequin/Mannequin/Skeleton3D/Neck" index="0"]
collision_layer = 8

[node name="R_UpperArm" parent="Mannequin/Mannequin/Skeleton3D" index="4"]
transform = Transform3D(0.187772, -0.139342, -0.972278, 0.123035, 0.985426, -0.117465, 0.974476, -0.0975676, 0.202179, 0.187842, 1.37798, 0.0361332)

[node name="UpperArmArea" parent="Mannequin/Mannequin/Skeleton3D/R_UpperArm" index="0"]
collision_layer = 8

[node name="R_Forearm" parent="Mannequin/Mannequin/Skeleton3D" index="5"]
transform = Transform3D(0.830257, -0.128794, -0.542296, 0.0382424, 0.983807, -0.175102, 0.556067, 0.124641, 0.821738, 0.226006, 1.10792, 0.062876)

[node name="ForearmArea" parent="Mannequin/Mannequin/Skeleton3D/R_Forearm" index="0"]
collision_layer = 8

[node name="R_Hand" parent="Mannequin/Mannequin/Skeleton3D" index="6"]
transform = Transform3D(-0.444873, -0.0447394, -0.894475, -0.141371, 0.989738, 0.0208075, 0.884365, 0.135709, -0.446633, 0.261552, 0.836245, 0.0284433)

[node name="HandArea" parent="Mannequin/Mannequin/Skeleton3D/R_Hand" index="0"]
collision_layer = 8

[node name="L_UpperArm" parent="Mannequin/Mannequin/Skeleton3D" index="7"]
transform = Transform3D(0.162985, 0.257265, 0.952497, -0.194615, 0.954821, -0.224591, -0.967244, -0.148765, 0.20569, -0.187731, 1.37953, 0.0325064)

[node name="UpperArmArea" parent="Mannequin/Mannequin/Skeleton3D/L_UpperArm" index="0"]
collision_layer = 8

[node name="L_Forearm" parent="Mannequin/Mannequin/Skeleton3D" index="8"]
transform = Transform3D(-0.407972, 0.0110038, 0.912928, 0.350631, 0.925136, 0.14554, -0.842981, 0.379478, -0.381287, -0.258257, 1.11787, 0.0732699)

[node name="ForearmArea" parent="Mannequin/Mannequin/Skeleton3D/L_Forearm" index="0"]
collision_layer = 8

[node name="L_Hand" parent="Mannequin/Mannequin/Skeleton3D" index="9"]
transform = Transform3D(-0.358179, 0.0533016, 0.93213, 0.0967074, 0.995117, -0.0197427, -0.928631, 0.0830726, -0.361584, -0.261286, 0.862393, -0.0315002)

[node name="HandArea" parent="Mannequin/Mannequin/Skeleton3D/L_Hand" index="0"]
collision_layer = 8

[node name="Chest" parent="Mannequin/Mannequin/Skeleton3D" index="10"]
transform = Transform3D(1, -1.29182e-08, 5.47321e-10, 1.29292e-08, 0.998652, -0.0518974, 1.23839e-10, 0.0518974, 0.998652, 1.65316e-05, 1.30969, 0.0483816)

[node name="ChestArea" parent="Mannequin/Mannequin/Skeleton3D/Chest" index="0"]
collision_layer = 8

[node name="Stomach" parent="Mannequin/Mannequin/Skeleton3D" index="11"]
transform = Transform3D(1, -7.21353e-09, 4.21456e-10, 7.22422e-09, 0.999305, -0.0372849, -1.52208e-10, 0.0372849, 0.999305, 5.71225e-06, 1.17679, 0.027147)

[node name="StomachArea" parent="Mannequin/Mannequin/Skeleton3D/Stomach" index="0"]
collision_layer = 8

[node name="Hips" parent="Mannequin/Mannequin/Skeleton3D" index="12"]
transform = Transform3D(1, 0, 0, 0, 1, 0, 0, 0, 1, -5.98402e-06, 0.961178, -4.11911e-07)

[node name="HipsArea" parent="Mannequin/Mannequin/Skeleton3D/Hips" index="0"]
collision_layer = 8

[node name="R_Thigh" parent="Mannequin/Mannequin/Skeleton3D" index="13"]
transform = Transform3D(-1, -1.11322e-09, 1.04258e-11, 1.11322e-09, -1, -7.6177e-10, 1.04258e-11, -7.6177e-10, 1, 0.0912385, 0.894614, 0.00055338)

[node name="ThighArea" parent="Mannequin/Mannequin/Skeleton3D/R_Thigh" index="0"]
collision_layer = 8

[node name="R_Shin" parent="Mannequin/Mannequin/Skeleton3D" index="14"]
transform = Transform3D(0.999551, -0.00460502, 0.029597, 0.00222865, -0.973938, -0.226802, 0.0298701, 0.226766, -0.973491, 0.0936853, 0.488659, 0.00569627)

[node name="ShinArea" parent="Mannequin/Mannequin/Skeleton3D/R_Shin" index="0"]
collision_layer = 8

[node name="R_Foot" parent="Mannequin/Mannequin/Skeleton3D" index="15"]
transform = Transform3D(-0.97668, -0.2147, 5.33946e-05, 0.00798355, -0.036069, 0.999318, -0.214551, 0.976014, 0.036942, 0.0886936, 0.0838062, 0.121033)

[node name="FootArea" parent="Mannequin/Mannequin/Skeleton3D/R_Foot" index="0"]
collision_layer = 8

[node name="L_Thigh" parent="Mannequin/Mannequin/Skeleton3D" index="16"]
transform = Transform3D(-1, -1.41881e-09, 1.4133e-11, 1.41881e-09, -1, 8.15592e-10, 1.4133e-11, 8.15592e-10, 1, -0.0912506, 0.894614, 0.000553348)

[node name="ThighArea" parent="Mannequin/Mannequin/Skeleton3D/L_Thigh" index="0"]
collision_layer = 8

[node name="L_Shin" parent="Mannequin/Mannequin/Skeleton3D" index="17"]
transform = Transform3D(0.999272, -0.00893026, 0.0370968, 0.00649292, -0.91825, -0.395948, 0.0376, 0.395901, -0.917523, -0.0936974, 0.48866, 0.00570952)

[node name="ShinArea" parent="Mannequin/Mannequin/Skeleton3D/L_Shin" index="0"]
collision_layer = 8

[node name="L_Foot" parent="Mannequin/Mannequin/Skeleton3D" index="18"]
transform = Transform3D(-0.990889, 0.134305, 0.0100721, 0.0637126, 0.401548, 0.913619, 0.118659, 0.905937, -0.406446, -0.0957714, 0.110724, 0.191163)

[node name="FootArea" parent="Mannequin/Mannequin/Skeleton3D/L_Foot" index="0"]
collision_layer = 8

[node name="ShootCast" parent="AimHelper" index="1"]
collision_mask = 13

[node name="TargetTimer" type="Timer" parent="." index="9"]
one_shot = true

[node name="ShootTimer" type="Timer" parent="." index="10"]
one_shot = true

[connection signal="timeout" from="TargetTimer" to="." method="target_lost"]

[editable path="Mannequin"]
