[gd_scene load_steps=6 format=3 uid="uid://cwpdmyvpmq07e"]

[ext_resource type="PackedScene" uid="uid://1s5qidco641t" path="res://Characters/CharacterBase.tscn" id="1_ucihe"]
[ext_resource type="Script" path="res://zOthers/Characters/CircleChar.gd" id="2_1a018"]
[ext_resource type="PackedScene" uid="uid://bwie7ixf4v1vw" path="res://Props/Weapons/Pistol/Pistol.tscn" id="3_lcx48"]
[ext_resource type="PackedScene" uid="uid://ckqtvo1inhvtn" path="res://Props/Weapons/Slapper/Slapper.tscn" id="3_p48sk"]
[ext_resource type="PackedScene" uid="uid://bhxw75oi8yofw" path="res://Props/Weapons/Rifle/Rifle.tscn" id="4_sioqq"]

[node name="CircleChar" node_paths=PackedStringArray("weapon_held") instance=ExtResource("1_ucihe")]
script = ExtResource("2_1a018")
speed = 0.5
turn = 0.02
weapon_held = NodePath("AimHelper/Weapons/Pistol")

[node name="ShootCast" parent="AimHelper" index="0"]
collision_mask = 5

[node name="Slapper" parent="AimHelper/Weapons" index="0" instance=ExtResource("3_p48sk")]
visible = false

[node name="Pistol" parent="AimHelper/Weapons" index="1" instance=ExtResource("3_lcx48")]
transform = Transform3D(0.996819, -0.0532155, -0.0593067, 0.0439017, 0.987924, -0.148568, 0.0664964, 0.145492, 0.987121, 0.0533331, -0.141965, -0.321802)

[node name="Mesh" parent="AimHelper/Weapons/Pistol" index="0"]
layers = 1

[node name="Rifle" parent="AimHelper/Weapons" index="2" instance=ExtResource("4_sioqq")]
visible = false

[node name="Mesh" parent="AimHelper/Weapons/Rifle" index="0"]
layers = 1

[node name="Skeleton3D" parent="PuppetAnimations/Character" index="0"]
bones/1/position = Vector3(5.06597e-11, 0.885595, -0.0641972)
bones/1/rotation = Quaternion(7.33823e-09, 0.998875, -0.0474306, -1.94488e-07)
bones/2/rotation = Quaternion(-0.133953, 0.000478705, 0.00338492, 0.990982)
bones/4/rotation = Quaternion(0.102711, 0.0135957, 0.0184558, 0.994447)
bones/5/rotation = Quaternion(0.0120553, 0.0012297, -0.0023995, 0.999924)
bones/7/rotation = Quaternion(0.645423, -0.172559, -0.552055, 0.498886)
bones/8/rotation = Quaternion(0.167197, 0.0359669, -0.0325555, 0.984729)
bones/10/rotation = Quaternion(0.483311, 0.206732, 0.605192, 0.597842)
bones/11/rotation = Quaternion(0.441367, -0.0326022, 0.0859399, 0.892607)
bones/12/position = Vector3(-0.0205902, 0.299212, 0.341547)
bones/12/rotation = Quaternion(-0.420903, -0.17798, -0.539718, 0.707013)
bones/15/rotation = Quaternion(-0.136752, -0.0311937, 0.100512, 0.984999)
bones/16/rotation = Quaternion(-0.352684, -0.0473181, -0.50171, 0.788455)
bones/21/rotation = Quaternion(0.00413222, -0.168782, -0.154747, 0.973421)
bones/22/rotation = Quaternion(-0.394365, 0.0948889, -0.480339, 0.777654)
bones/26/rotation = Quaternion(-0.368907, -0.0234359, 0.416803, 0.830442)
bones/27/rotation = Quaternion(-0.105765, -0.0530162, -0.0569686, 0.991341)
bones/28/rotation = Quaternion(0.498628, 0.316246, -0.13596, 0.795534)
bones/29/rotation = Quaternion(0.435395, 0.228546, -0.187115, 0.850403)
bones/30/position = Vector3(-0.0490197, 0.308753, 0.335873)
bones/30/rotation = Quaternion(-0.42215, 0.0391671, 0.481032, 0.767374)
bones/33/rotation = Quaternion(-0.244851, 0.183849, 0.0430019, 0.950999)
bones/34/rotation = Quaternion(-0.38701, -0.00258394, 0.473995, 0.790914)
bones/39/rotation = Quaternion(-0.0280183, 0.194239, 0.268623, 0.943042)
bones/40/rotation = Quaternion(-0.46123, -0.0717649, 0.471175, 0.748405)
bones/44/rotation = Quaternion(-0.240005, -0.529209, 0.632703, 0.511881)
bones/45/rotation = Quaternion(-0.209561, -0.246504, 0.40331, 0.855956)
bones/46/rotation = Quaternion(-0.195123, -0.598252, 0.776958, -0.0189416)
bones/47/rotation = Quaternion(0.113289, 0.423283, -0.734674, 0.51793)
bones/49/rotation = Quaternion(-0.549106, 0.308479, -0.268108, 0.729)
bones/50/rotation = Quaternion(-0.115222, 0.00382968, 0.17653, 0.977521)
bones/52/rotation = Quaternion(-0.515418, -0.140514, 0.432694, 0.726207)
bones/53/rotation = Quaternion(-0.140622, -0.00378582, -0.215446, 0.96633)
bones/54/rotation = Quaternion(0.64937, -0.347814, -0.514224, 0.439225)
bones/56/rotation = Quaternion(0.00495412, -0.00577784, -0.163837, 0.986458)
bones/60/position = Vector3(-0.324582, 0.962178, -0.428659)
bones/60/rotation = Quaternion(0.565929, -0.423939, -0.423939, 0.565929)
bones/61/rotation = Quaternion(0.64937, 0.347814, 0.514224, 0.439225)
bones/63/rotation = Quaternion(0.00495412, 0.00577784, 0.163837, 0.986458)
bones/67/position = Vector3(0.177047, 0.971755, -0.536806)
bones/67/rotation = Quaternion(0.565929, 0.423939, 0.423939, 0.565929)

[node name="Head" parent="PuppetAnimations/Character/Skeleton3D" index="1"]
transform = Transform3D(-0.999986, -0.00493302, -0.00200863, -0.00412979, 0.956259, -0.29249, 0.00336363, -0.292478, -0.956266, 1.48987e-05, 1.5652, -0.0510798)

[node name="HeadArea" parent="PuppetAnimations/Character/Skeleton3D/Head" index="0"]
collision_layer = 8

[node name="Neck" parent="PuppetAnimations/Character/Skeleton3D" index="2"]
transform = Transform3D(-1, -0.000114176, 0.000390097, -0.000215023, 0.963043, -0.269346, -0.000344926, -0.269346, -0.963043, 2.22272e-05, 1.50339, -0.0337916)

[node name="NeckArea" parent="PuppetAnimations/Character/Skeleton3D/Neck" index="0"]
collision_layer = 8

[node name="Chest" parent="PuppetAnimations/Character/Skeleton3D" index="3"]
transform = Transform3D(-0.999977, 0.00683714, -4.23098e-05, 0.0067268, 0.984908, 0.172945, 0.00122412, 0.172941, -0.984931, -8.55937e-10, 1.12376, -0.0868667)

[node name="ChestArea" parent="PuppetAnimations/Character/Skeleton3D/Chest" index="0"]
collision_layer = 8

[node name="Stomach" parent="PuppetAnimations/Character/Skeleton3D" index="4"]
transform = Transform3D(-1, -3.78941e-09, -3.89234e-07, 3.31093e-08, 0.9955, -0.0947544, 3.87842e-07, -0.0947544, -0.995501, 5.06597e-11, 0.885595, -0.0641972)

[node name="StomachArea" parent="PuppetAnimations/Character/Skeleton3D/Stomach" index="0"]
collision_layer = 8

[node name="L_UpperArm" parent="PuppetAnimations/Character/Skeleton3D" index="5"]
transform = Transform3D(0.861389, 0.479926, 0.166371, -0.22812, 0.0728655, 0.970902, 0.453839, -0.874278, 0.172246, -0.194952, 1.38631, -0.0387359)

[node name="L_UpperArmArea" parent="PuppetAnimations/Character/Skeleton3D/L_UpperArm" index="0"]
collision_layer = 8

[node name="L_Forearm" parent="PuppetAnimations/Character/Skeleton3D" index="6"]
transform = Transform3D(0.818739, 0.57206, 0.0491205, -0.310186, 0.3687, 0.876267, 0.483167, -0.732671, 0.479314, -0.0948049, 1.40152, -0.221173)

[node name="L_ForearmArea" parent="PuppetAnimations/Character/Skeleton3D/L_Forearm" index="0"]
collision_layer = 8

[node name="L_Hand" parent="PuppetAnimations/Character/Skeleton3D" index="7"]
transform = Transform3D(-0.35827, -0.912531, -0.197307, -0.479613, -0.00142667, 0.877478, -0.801008, 0.409006, -0.437151, 0.022621, 1.47739, -0.371546)

[node name="L_HandArea" parent="PuppetAnimations/Character/Skeleton3D/L_Hand" index="0"]
collision_layer = 8

[node name="R_UpperArm" parent="PuppetAnimations/Character/Skeleton3D" index="8"]
transform = Transform3D(0.951227, -0.305141, -0.0453534, -0.0105301, -0.179047, 0.983784, -0.308313, -0.935324, -0.173527, 0.19497, 1.38626, -0.038513)

[node name="R_UpperArmArea" parent="PuppetAnimations/Character/Skeleton3D/R_UpperArm" index="0"]
collision_layer = 8

[node name="R_Forearm" parent="PuppetAnimations/Character/Skeleton3D" index="9"]
transform = Transform3D(0.89104, -0.390543, 0.231353, 0.099221, 0.664919, 0.740295, -0.442948, -0.636677, 0.63122, 0.131295, 1.3489, -0.233689)

[node name="R_ForearmArea" parent="PuppetAnimations/Character/Skeleton3D/R_Forearm" index="0"]
collision_layer = 8

[node name="R_Hand" parent="PuppetAnimations/Character/Skeleton3D" index="10"]
transform = Transform3D(-0.529294, 0.772576, 0.350676, 0.61751, 0.0673446, 0.783674, 0.581832, 0.63134, -0.512719, 0.0511153, 1.48561, -0.364342)

[node name="R_HandArea" parent="PuppetAnimations/Character/Skeleton3D/R_Hand" index="0"]
collision_layer = 8

[node name="GunTransform" parent="PuppetAnimations/Character/Skeleton3D/R_Hand" index="1"]
remote_path = NodePath("../../../../../AimHelper/Weapons/Pistol")

[node name="L_Thigh" parent="PuppetAnimations/Character/Skeleton3D" index="11"]
transform = Transform3D(0.719988, -0.0517424, -0.692055, -0.063881, -0.997924, 0.00815146, -0.69104, 0.03834, -0.721799, -0.0851499, 0.868105, -0.0593681)

[node name="L_ThighArea" parent="PuppetAnimations/Character/Skeleton3D/L_Thigh" index="0"]
collision_layer = 8

[node name="L_Shin" parent="PuppetAnimations/Character/Skeleton3D" index="12"]
transform = Transform3D(0.690616, -0.141305, -0.709283, -0.403817, -0.888952, -0.21609, -0.599985, 0.435656, -0.670986, -0.10689, 0.448817, -0.0432591)

[node name="L_ShinArea" parent="PuppetAnimations/Character/Skeleton3D/L_Shin" index="0"]
collision_layer = 8

[node name="L_Foot" parent="PuppetAnimations/Character/Skeleton3D" index="13"]
transform = Transform3D(0.245937, -0.0720779, -0.966602, 0.853542, -0.456465, 0.251209, -0.459327, -0.886817, -0.0507405, -0.11946, 0.113842, 0.126346)

[node name="L_FootArea" parent="PuppetAnimations/Character/Skeleton3D/L_Foot" index="0"]
collision_layer = 8

[node name="R_Thigh" parent="PuppetAnimations/Character/Skeleton3D" index="14"]
transform = Transform3D(0.684321, -0.0675866, 0.726042, -0.339533, -0.910701, 0.235246, 0.645308, -0.407499, -0.64616, 0.0851499, 0.868105, -0.0593681)

[node name="R_ThighArea" parent="PuppetAnimations/Character/Skeleton3D/R_Thigh" index="0"]
collision_layer = 8

[node name="R_Shin" parent="PuppetAnimations/Character/Skeleton3D" index="15"]
transform = Transform3D(0.698149, 0.0308939, 0.715286, 0.086204, -0.995427, -0.0411453, 0.710744, 0.0903861, -0.697619, 0.0567526, 0.485465, -0.230583)

[node name="R_ShinArea" parent="PuppetAnimations/Character/Skeleton3D/R_Shin" index="0"]
collision_layer = 8

[node name="R_Foot" parent="PuppetAnimations/Character/Skeleton3D" index="16"]
transform = Transform3D(0.245937, 0.0720779, 0.966602, -0.853542, -0.456465, 0.251209, 0.459327, -0.886817, -0.0507405, 0.11946, 0.113841, -0.203503)

[node name="R_FootArea" parent="PuppetAnimations/Character/Skeleton3D/R_Foot" index="0"]
collision_layer = 8

[node name="AnimationTree" parent="PuppetAnimations" index="2"]
parameters/Idle/IdleUpper_Blend/blend_position = Vector2(1, 1)
parameters/Run/RunUpper_Blend/blend_position = Vector2(1, 1)

[node name="Respawn" type="Timer" parent="." index="3"]
wait_time = 3.0
one_shot = true

[connection signal="timeout" from="Respawn" to="." method="_respawn"]

[editable path="AimHelper/Weapons/Pistol"]
[editable path="AimHelper/Weapons/Pistol/Mesh"]
[editable path="AimHelper/Weapons/Rifle"]
[editable path="AimHelper/Weapons/Rifle/Mesh"]
[editable path="PuppetAnimations"]
