[gd_scene load_steps=8 format=3 uid="uid://bfamn5prsuim3"]

[ext_resource type="PackedScene" uid="uid://65jhlh1xbkow" path="res://Characters/CharacterBase.tscn" id="1_bc4nm"]
[ext_resource type="Script" path="res://Characters/Player/Player.gd" id="2_idif7"]
[ext_resource type="Script" path="res://Characters/BotSim/BotSimFunc.gd" id="3_j2bpo"]
[ext_resource type="Shader" path="res://Characters/Player/FPShader.gdshader" id="4_g02j2"]
[ext_resource type="PackedScene" uid="uid://cvpfdvyui6d4b" path="res://Characters/Player/FirstPerson.tscn" id="4_yynwm"]

[sub_resource type="QuadMesh" id="QuadMesh_3g3aj"]
flip_faces = true
size = Vector2(2, 2)

[sub_resource type="ShaderMaterial" id="ShaderMaterial_e1kcp"]
render_priority = 0
shader = ExtResource("4_g02j2")
shader_parameter/depth_factor = 16.0

[node name="Player" node_paths=PackedStringArray("mode_func") instance=ExtResource("1_bc4nm")]
script = ExtResource("2_idif7")
has_start_weapon = false
start_weapon = 0
mode_func = NodePath("BotSimFunc")

[node name="BotSimFunc" type="Node" parent="." index="0" node_paths=PackedStringArray("character")]
script = ExtResource("3_j2bpo")
character = NodePath("..")

[node name="Skeleton3D" parent="Mannequin/Mannequin" index="0"]
bones/0/position = Vector3(-5.98402e-06, 0.960472, -4.12078e-07)
bones/56/rotation = Quaternion(0.000632873, 0.978988, 0.203019, -0.0191225)
bones/57/rotation = Quaternion(0.0586184, 0.691137, -0.717711, 0.0615198)
bones/61/rotation = Quaternion(0.000615393, 0.993481, 0.113, -0.0150289)
bones/62/rotation = Quaternion(-0.0760089, 0.79603, -0.597964, -0.0547476)

[node name="Joints" parent="Mannequin/Mannequin/Skeleton3D" index="0"]
cast_shadow = 3

[node name="Surface" parent="Mannequin/Mannequin/Skeleton3D" index="1"]
cast_shadow = 3

[node name="Head" parent="Mannequin/Mannequin/Skeleton3D" index="2"]
transform = Transform3D(1, 0, 0, 0, 1, 0, 0, 0, 1, 3.85028e-05, 1.56331, 0.00340767)

[node name="HeadArea" parent="Mannequin/Mannequin/Skeleton3D/Head" index="0"]
collision_layer = 4

[node name="Neck" parent="Mannequin/Mannequin/Skeleton3D" index="3"]
transform = Transform3D(1, 0, 0, 0, 1, 0, 0, 0, 1, 2.94757e-05, 1.46009, 0.034832)

[node name="NeckArea" parent="Mannequin/Mannequin/Skeleton3D/Neck" index="0"]
collision_layer = 4

[node name="R_UpperArm" parent="Mannequin/Mannequin/Skeleton3D" index="4"]
transform = Transform3D(0, -1, 0, 0, 0, -1, 1, 0, 0, 0.187632, 1.39819, 0.0617143)

[node name="UpperArmArea" parent="Mannequin/Mannequin/Skeleton3D/R_UpperArm" index="0"]
collision_layer = 4

[node name="R_Forearm" parent="Mannequin/Mannequin/Skeleton3D" index="5"]
transform = Transform3D(0, -1, 0, 1, 0, 0, 0, 0, 1, 0.461679, 1.39817, 0.0617141)

[node name="ForearmArea" parent="Mannequin/Mannequin/Skeleton3D/R_Forearm" index="0"]
collision_layer = 4

[node name="R_Hand" parent="Mannequin/Mannequin/Skeleton3D" index="6"]
transform = Transform3D(0, -1, 0, 0, 0, -1, 1, 0, 0, 0.737823, 1.39814, 0.0617139)

[node name="HandArea" parent="Mannequin/Mannequin/Skeleton3D/R_Hand" index="0"]
collision_layer = 4

[node name="Slapper" parent="Mannequin/Mannequin/Skeleton3D/R_Hand/Weapons" index="0" node_paths=PackedStringArray("wielder")]
wielder = NodePath("../../../../../..")

[node name="L_UpperArm" parent="Mannequin/Mannequin/Skeleton3D" index="7"]
transform = Transform3D(0, 1, 0, 0, 0, -1, -1, 0, 0, -0.187585, 1.39822, 0.0617148)

[node name="UpperArmArea" parent="Mannequin/Mannequin/Skeleton3D/L_UpperArm" index="0"]
collision_layer = 4

[node name="L_Forearm" parent="Mannequin/Mannequin/Skeleton3D" index="8"]
transform = Transform3D(0, 1, 0, -1, 0, 0, 0, 0, 1, -0.461632, 1.39825, 0.0617149)

[node name="ForearmArea" parent="Mannequin/Mannequin/Skeleton3D/L_Forearm" index="0"]
collision_layer = 4

[node name="L_Hand" parent="Mannequin/Mannequin/Skeleton3D" index="9"]
transform = Transform3D(0, 1, 0, 0, 0, -1, -1, 0, 0, -0.737777, 1.39827, 0.0617148)

[node name="HandArea" parent="Mannequin/Mannequin/Skeleton3D/L_Hand" index="0"]
collision_layer = 4

[node name="Chest" parent="Mannequin/Mannequin/Skeleton3D" index="10"]
transform = Transform3D(1, 0, 0, 0, 1, 0, 0, 0, 1, 1.65333e-05, 1.30976, 0.042761)

[node name="ChestArea" parent="Mannequin/Mannequin/Skeleton3D/Chest" index="0"]
collision_layer = 4

[node name="Stomach" parent="Mannequin/Mannequin/Skeleton3D" index="11"]
transform = Transform3D(1, 0, 0, 0, 1, 0, 0, 0, 1, 5.71302e-06, 1.17616, 0.0264964)

[node name="StomachArea" parent="Mannequin/Mannequin/Skeleton3D/Stomach" index="0"]
collision_layer = 4

[node name="Hips" parent="Mannequin/Mannequin/Skeleton3D" index="12"]
transform = Transform3D(1, 0, 0, 0, 1, 0, 0, 0, 1, -5.98402e-06, 0.960472, -4.12078e-07)

[node name="HipsArea" parent="Mannequin/Mannequin/Skeleton3D/Hips" index="0"]
collision_layer = 4

[node name="R_Thigh" parent="Mannequin/Mannequin/Skeleton3D" index="13"]
transform = Transform3D(-0.998513, 0.0541688, 0.00623332, -0.0530647, -0.991668, 0.117387, 0.0125401, 0.116882, 0.993067, 0.0912385, 0.893908, 0.00055338)

[node name="ThighArea" parent="Mannequin/Mannequin/Skeleton3D/R_Thigh" index="0"]
collision_layer = 4

[node name="R_Shin" parent="Mannequin/Mannequin/Skeleton3D" index="14"]
transform = Transform3D(0.99813, 0.0495724, 0.0357706, 0.058718, -0.940232, -0.335434, 0.0170043, 0.336907, -0.941384, 0.115704, 0.492069, 0.0530787)

[node name="ShinArea" parent="Mannequin/Mannequin/Skeleton3D/R_Shin" index="0"]
collision_layer = 4

[node name="R_Foot" parent="Mannequin/Mannequin/Skeleton3D" index="15"]
transform = Transform3D(-0.976997, -0.206343, -0.0538483, -0.0651985, 0.0486025, 0.996688, -0.203042, 0.977272, -0.0609376, 0.133369, 0.103489, 0.214097)

[node name="FootArea" parent="Mannequin/Mannequin/Skeleton3D/R_Foot" index="0"]
collision_layer = 4

[node name="L_Thigh" parent="Mannequin/Mannequin/Skeleton3D" index="16"]
transform = Transform3D(-0.997805, -0.0634927, 0.018828, 0.0509921, -0.917988, -0.393317, 0.0422567, -0.391493, 0.91921, -0.0912506, 0.893908, 0.000553348)

[node name="ThighArea" parent="Mannequin/Mannequin/Skeleton3D/L_Thigh" index="0"]
collision_layer = 4

[node name="L_Shin" parent="Mannequin/Mannequin/Skeleton3D" index="17"]
transform = Transform3D(0.998198, -0.0597588, -0.00539972, -0.059792, -0.998192, -0.00621721, -0.00501842, 0.00652876, -0.999966, -0.11937, 0.519344, -0.153532)

[node name="ShinArea" parent="Mannequin/Mannequin/Skeleton3D/L_Shin" index="0"]
collision_layer = 4

[node name="L_Foot" parent="Mannequin/Mannequin/Skeleton3D" index="18"]
transform = Transform3D(-0.982434, 0.176563, 0.0604055, 0.0672474, 0.0330213, 0.99719, 0.174072, 0.983735, -0.0443146, -0.141944, 0.0996069, -0.130208)

[node name="FootArea" parent="Mannequin/Mannequin/Skeleton3D/L_Foot" index="0"]
collision_layer = 4

[node name="Camera" parent="AimHelper" index="0"]
transform = Transform3D(1, 0, 0, 0, 1, 0, 0, 0, 1, 0, 0, 0)
visible = true

[node name="RemoteTransform3D" type="RemoteTransform3D" parent="AimHelper/Camera" index="0"]
remote_path = NodePath("../../FirstPerson/FPCanvas/SubVpContainer/SubVp/FPCamera")
update_scale = false

[node name="ShootCast" parent="AimHelper" index="1"]
debug_shape_thickness = 1

[node name="FirstPerson" parent="AimHelper" index="2" node_paths=PackedStringArray("player") instance=ExtResource("4_yynwm")]
transform = Transform3D(1, 0, 0, 0, 1, 0, 0, 0, 1, 0, -0.22, 0)
player = NodePath("../..")

[node name="FPCanvas" type="CanvasLayer" parent="AimHelper/FirstPerson" index="3"]

[node name="SubVpContainer" type="SubViewportContainer" parent="AimHelper/FirstPerson/FPCanvas" index="0"]
anchors_preset = 15
anchor_right = 1.0
anchor_bottom = 1.0
grow_horizontal = 2
grow_vertical = 2
stretch = true
metadata/_edit_use_anchors_ = true

[node name="SubVp" type="SubViewport" parent="AimHelper/FirstPerson/FPCanvas/SubVpContainer" index="0"]
transparent_bg = true
handle_input_locally = false
use_occlusion_culling = true
gui_disable_input = true
size = Vector2i(1920, 1080)
render_target_update_mode = 4

[node name="FPCamera" type="Camera3D" parent="AimHelper/FirstPerson/FPCanvas/SubVpContainer/SubVp" index="0"]
transform = Transform3D(1, 0, 0, 0, 1, 0, 0, 0, 1, 0, 1.65, 0)
top_level = true
cull_mask = 8
current = true

[node name="Shader" type="MeshInstance3D" parent="AimHelper/FirstPerson/FPCanvas/SubVpContainer/SubVp/FPCamera" index="0"]
visible = false
extra_cull_margin = 16384.0
mesh = SubResource("QuadMesh_3g3aj")
surface_material_override/0 = SubResource("ShaderMaterial_e1kcp")

[editable path="Mannequin"]
