[gd_scene load_steps=7 format=3 uid="uid://ct28b2w5o4gyu"]

[ext_resource type="PackedScene" uid="uid://65jhlh1xbkow" path="res://Characters/CharacterBase.tscn" id="1_rm3je"]
[ext_resource type="Script" path="res://Characters/BotSim/BotSimEnemy.gd" id="2_f8x2w"]
[ext_resource type="Script" path="res://addons/StateMachine/StateMachine/state_machine.gd" id="3_qmqky"]
[ext_resource type="Script" path="res://Characters/BotSim/SeekState.gd" id="4_cywgt"]
[ext_resource type="PackedScene" uid="uid://bd2fp3xjnl5vp" path="res://Characters/Campaign/VisionCone.tscn" id="6_kydgb"]

[sub_resource type="StandardMaterial3D" id="StandardMaterial3D_kk5iq"]
resource_local_to_scene = true
albedo_color = Color(1, 0.17783, 0, 1)

[node name="BotSimEnemy" instance=ExtResource("1_rm3je")]
script = ExtResource("2_f8x2w")
starting_weapon = 0

[node name="Collision" parent="." index="0"]
visible = true

[node name="NavAgent" type="NavigationAgent3D" parent="." index="1"]

[node name="StateMachine" type="Node" parent="." index="2" node_paths=PackedStringArray("initial_state")]
script = ExtResource("3_qmqky")
initial_state = NodePath("SeekState")

[node name="SeekState" type="Node" parent="StateMachine" index="0" node_paths=PackedStringArray("enemy")]
script = ExtResource("4_cywgt")
enemy = NodePath("../..")

[node name="TargetCast" type="RayCast3D" parent="." index="3"]
unique_name_in_owner = true
transform = Transform3D(1, 0, 0, 0, 1, 0, 0, 0, 1, 0, 1.65, 0)
target_position = Vector3(0, 0, -1)
collision_mask = 3
debug_shape_custom_color = Color(0, 0.54902, 0.282353, 1)

[node name="LookHelper" type="Node3D" parent="." index="4"]
transform = Transform3D(1, 0, 0, 0, 1, 0, 0, 0, 1, 0, 1.65, 0)

[node name="VisionCone" parent="LookHelper" index="0" node_paths=PackedStringArray("parent") instance=ExtResource("6_kydgb")]
unique_name_in_owner = true
transform = Transform3D(10, 0, 0, 0, -4.37114e-07, -10, 0, 10, -4.37114e-07, 0, 0, 0)
parent = NodePath("../..")

[node name="Skeleton3D" parent="Mannequin/Mannequin" index="0"]
bones/0/position = Vector3(-5.98401e-06, 0.960472, -4.11955e-07)
bones/9/rotation = Quaternion(0, -0.707107, 0, 0.707107)
bones/10/rotation = Quaternion(0, 0.707107, 0, 0.707107)
bones/11/rotation = Quaternion(-0.214187, 0.673887, 0.214187, 0.673887)
bones/12/rotation = Quaternion(-1.49011e-08, 0, 0, 1)
bones/33/rotation = Quaternion(0, 0.707107, 0, 0.707107)
bones/34/rotation = Quaternion(0, -0.707107, 0, 0.707107)
bones/35/rotation = Quaternion(-0.214187, -0.673887, -0.214187, 0.673887)
bones/36/rotation = Quaternion(-1.49011e-08, 0, 0, 1)
bones/55/rotation = Quaternion(0.0155962, -0.200379, 0.979158, 0.0292304)
bones/56/rotation = Quaternion(0.000624437, 0.979128, 0.202345, -0.0190818)
bones/57/rotation = Quaternion(0.0590258, 0.693821, -0.71509, 0.0614398)
bones/58/rotation = Quaternion(-0.0062387, 0.985966, -0.164283, -0.0290379)
bones/60/rotation = Quaternion(0.00470322, 0.0586903, 0.997904, -0.0268647)
bones/61/rotation = Quaternion(0.000600689, 0.99337, 0.113977, -0.0149758)
bones/62/rotation = Quaternion(-0.0761572, 0.796808, -0.596916, -0.0546716)
bones/63/rotation = Quaternion(0.0102404, 0.992902, -0.11743, 0.0158373)

[node name="Surface" parent="Mannequin/Mannequin/Skeleton3D" index="1"]
surface_material_override/0 = SubResource("StandardMaterial3D_kk5iq")

[node name="Head" parent="Mannequin/Mannequin/Skeleton3D" index="2"]
transform = Transform3D(1, 0, 0, 0, 1, 0, 0, 0, 1, 3.85028e-05, 1.56331, 0.00340767)

[node name="HeadArea" parent="Mannequin/Mannequin/Skeleton3D/Head" index="0"]
collision_layer = 8

[node name="Neck" parent="Mannequin/Mannequin/Skeleton3D" index="3"]
transform = Transform3D(1, 0, 0, 0, 1, 0, 0, 0, 1, 2.94757e-05, 1.46009, 0.034832)

[node name="NeckArea" parent="Mannequin/Mannequin/Skeleton3D/Neck" index="0"]
collision_layer = 8

[node name="R_UpperArm" parent="Mannequin/Mannequin/Skeleton3D" index="4"]
transform = Transform3D(0, -1, 0, 0, 0, -1, 1, 0, 0, 0.187632, 1.39819, 0.0617143)

[node name="UpperArmArea" parent="Mannequin/Mannequin/Skeleton3D/R_UpperArm" index="0"]
collision_layer = 8

[node name="R_Forearm" parent="Mannequin/Mannequin/Skeleton3D" index="5"]
transform = Transform3D(0, -1, 0, 1, 0, 0, 0, 0, 1, 0.461679, 1.39817, 0.0617141)

[node name="ForearmArea" parent="Mannequin/Mannequin/Skeleton3D/R_Forearm" index="0"]
collision_layer = 8

[node name="R_Hand" parent="Mannequin/Mannequin/Skeleton3D" index="6"]
transform = Transform3D(0, -1, 0, 0, 0, -1, 1, 0, 0, 0.737823, 1.39814, 0.0617139)

[node name="HandArea" parent="Mannequin/Mannequin/Skeleton3D/R_Hand" index="0"]
collision_layer = 8

[node name="L_UpperArm" parent="Mannequin/Mannequin/Skeleton3D" index="7"]
transform = Transform3D(0, 1, 0, 0, 0, -1, -1, 0, 0, -0.187585, 1.39822, 0.0617148)

[node name="UpperArmArea" parent="Mannequin/Mannequin/Skeleton3D/L_UpperArm" index="0"]
collision_layer = 8

[node name="L_Forearm" parent="Mannequin/Mannequin/Skeleton3D" index="8"]
transform = Transform3D(0, 1, 0, -1, 0, 0, 0, 0, 1, -0.461632, 1.39825, 0.0617149)

[node name="ForearmArea" parent="Mannequin/Mannequin/Skeleton3D/L_Forearm" index="0"]
collision_layer = 8

[node name="L_Hand" parent="Mannequin/Mannequin/Skeleton3D" index="9"]
transform = Transform3D(0, 1, 0, 0, 0, -1, -1, 0, 0, -0.737777, 1.39827, 0.0617148)

[node name="HandArea" parent="Mannequin/Mannequin/Skeleton3D/L_Hand" index="0"]
collision_layer = 8

[node name="Chest" parent="Mannequin/Mannequin/Skeleton3D" index="10"]
transform = Transform3D(1, 0, 0, 0, 1, 0, 0, 0, 1, 1.65333e-05, 1.30976, 0.042761)

[node name="ChestArea" parent="Mannequin/Mannequin/Skeleton3D/Chest" index="0"]
collision_layer = 8

[node name="Stomach" parent="Mannequin/Mannequin/Skeleton3D" index="11"]
transform = Transform3D(1, 0, 0, 0, 1, 0, 0, 0, 1, 5.71302e-06, 1.17616, 0.0264964)

[node name="StomachArea" parent="Mannequin/Mannequin/Skeleton3D/Stomach" index="0"]
collision_layer = 8

[node name="Hips" parent="Mannequin/Mannequin/Skeleton3D" index="12"]
transform = Transform3D(1, 0, 0, 0, 1, 0, 0, 0, 1, -5.98401e-06, 0.960472, -4.11955e-07)

[node name="HipsArea" parent="Mannequin/Mannequin/Skeleton3D/Hips" index="0"]
collision_layer = 8

[node name="R_Thigh" parent="Mannequin/Mannequin/Skeleton3D" index="13"]
transform = Transform3D(-0.998513, 0.0541688, 0.00623332, -0.0530647, -0.991668, 0.117387, 0.0125401, 0.116882, 0.993067, 0.0912385, 0.893908, 0.00055338)

[node name="ThighArea" parent="Mannequin/Mannequin/Skeleton3D/R_Thigh" index="0"]
collision_layer = 8

[node name="R_Shin" parent="Mannequin/Mannequin/Skeleton3D" index="14"]
transform = Transform3D(0.99813, 0.0495724, 0.0357706, 0.0587514, -0.939567, -0.337287, 0.0168887, 0.338758, -0.940722, 0.115704, 0.492069, 0.0530787)

[node name="ShinArea" parent="Mannequin/Mannequin/Skeleton3D/R_Shin" index="0"]
collision_layer = 8

[node name="R_Foot" parent="Mannequin/Mannequin/Skeleton3D" index="15"]
transform = Transform3D(-0.976997, -0.206343, -0.0538483, -0.0650643, 0.0479563, 0.996728, -0.203085, 0.977304, -0.0602786, 0.133369, 0.103807, 0.214862)

[node name="FootArea" parent="Mannequin/Mannequin/Skeleton3D/R_Foot" index="0"]
collision_layer = 8

[node name="L_Thigh" parent="Mannequin/Mannequin/Skeleton3D" index="16"]
transform = Transform3D(-0.997805, -0.0634927, 0.018828, 0.0509921, -0.917988, -0.393317, 0.0422567, -0.391493, 0.91921, -0.0912506, 0.893908, 0.000553348)

[node name="ThighArea" parent="Mannequin/Mannequin/Skeleton3D/L_Thigh" index="0"]
collision_layer = 8

[node name="L_Shin" parent="Mannequin/Mannequin/Skeleton3D" index="17"]
transform = Transform3D(0.998198, -0.0597588, -0.00539973, -0.059785, -0.9982, -0.00483909, -0.00510083, 0.00515312, -0.999974, -0.11937, 0.519344, -0.153532)

[node name="ShinArea" parent="Mannequin/Mannequin/Skeleton3D/L_Shin" index="0"]
collision_layer = 8

[node name="L_Foot" parent="Mannequin/Mannequin/Skeleton3D" index="18"]
transform = Transform3D(-0.982434, 0.176563, 0.0604055, 0.0656906, 0.0242373, 0.997546, 0.174666, 0.983991, -0.0354099, -0.141944, 0.099575, -0.130787)

[node name="FootArea" parent="Mannequin/Mannequin/Skeleton3D/L_Foot" index="0"]
collision_layer = 8

[node name="ShootCast" parent="AimHelper" index="1"]
collision_mask = 13

[node name="NameLabel" type="Label3D" parent="." index="7"]
transform = Transform3D(1, 0, 0, 0, 1, 0, 0, 0, 1, 0, 2.125, 0)
billboard = 1
text = "Enemy1"

[node name="TargetTimer" type="Timer" parent="." index="9"]
one_shot = true

[node name="ShootTimer" type="Timer" parent="." index="10"]
one_shot = true

[connection signal="timeout" from="TargetTimer" to="." method="target_lost"]

[editable path="Mannequin"]
