[gd_scene load_steps=8 format=3 uid="uid://ct28b2w5o4gyu"]

[ext_resource type="PackedScene" uid="uid://65jhlh1xbkow" path="res://Characters/CharacterBase.tscn" id="1_rm3je"]
[ext_resource type="Script" path="res://Characters/BotSim/BotSimEnemy.gd" id="2_f8x2w"]
[ext_resource type="Script" path="res://addons/StateMachine/StateMachine/state_machine.gd" id="3_qmqky"]
[ext_resource type="Script" path="res://Characters/BotSim/BotSimFunc.gd" id="3_ys16m"]
[ext_resource type="Script" path="res://Characters/BotSim/SeekState.gd" id="4_cywgt"]
[ext_resource type="Script" path="res://Characters/BotSim/EngageState.gd" id="5_5mojb"]
[ext_resource type="PackedScene" uid="uid://bd2fp3xjnl5vp" path="res://Characters/Campaign/VisionCone.tscn" id="6_kydgb"]

[node name="BotSimEnemy" node_paths=PackedStringArray("mode_func") instance=ExtResource("1_rm3je")]
script = ExtResource("2_f8x2w")
mode_func = NodePath("BotSimFunc")

[node name="BotSimFunc" type="Node" parent="." index="0" node_paths=PackedStringArray("character")]
script = ExtResource("3_ys16m")
character = NodePath("..")

[node name="NameLabel" type="Label3D" parent="." index="1"]
transform = Transform3D(1, 0, 0, 0, 1, 0, 0, 0, 1, 0, 2.125, 0)
billboard = 1
text = "Enemy1"

[node name="NavAgent" type="NavigationAgent3D" parent="." index="3"]
path_desired_distance = 0.65
target_desired_distance = 0.4
simplify_path = true
simplify_epsilon = 0.15

[node name="StateMachine" type="Node" parent="." index="4" node_paths=PackedStringArray("initial_state")]
script = ExtResource("3_qmqky")
initial_state = NodePath("SeekState")

[node name="SeekState" type="Node" parent="StateMachine" index="0" node_paths=PackedStringArray("enemy")]
script = ExtResource("4_cywgt")
enemy = NodePath("../..")

[node name="EngageState" type="Node" parent="StateMachine" index="1" node_paths=PackedStringArray("enemy")]
script = ExtResource("5_5mojb")
enemy = NodePath("../..")

[node name="TargetCast" type="RayCast3D" parent="." index="5"]
unique_name_in_owner = true
transform = Transform3D(1, 0, 0, 0, 1, 0, 0, 0, 1, 0, 1.65, 0)
target_position = Vector3(0, 0, -1)
collision_mask = 3
hit_back_faces = false
debug_shape_custom_color = Color(0, 0.54902, 0.282353, 1)

[node name="LookHelper" type="Node3D" parent="." index="6"]
transform = Transform3D(1, 0, 0, 0, 1, 0, 0, 0, 1, 0, 1.65, 0)

[node name="VisionCone" parent="LookHelper" index="0" node_paths=PackedStringArray("parent") instance=ExtResource("6_kydgb")]
unique_name_in_owner = true
transform = Transform3D(10, 0, 0, 0, -4.37114e-07, -10, 0, 10, -4.37114e-07, 0, 0, 0)
parent = NodePath("../..")

[node name="Head" parent="Mannequin/Mannequin/Skeleton3D" index="2"]
transform = Transform3D(1, 0.000418454, 0.000706413, -0.000346331, 0.99507, -0.099176, -0.000744431, 0.0991758, 0.99507, 4.45496e-05, 1.60182, 0.0228464)

[node name="HeadArea" parent="Mannequin/Mannequin/Skeleton3D/Head" index="0"]
collision_layer = 8

[node name="Neck" parent="Mannequin/Mannequin/Skeleton3D" index="3"]
transform = Transform3D(1, -1.1074e-08, 6.3271e-10, 1.1092e-08, 0.998335, -0.05768, 7.09021e-12, 0.05768, 0.998335, 3.55236e-05, 1.49696, 0.0482648)

[node name="NeckArea" parent="Mannequin/Mannequin/Skeleton3D/Neck" index="0"]
collision_layer = 8

[node name="R_UpperArm" parent="Mannequin/Mannequin/Skeleton3D" index="4"]
transform = Transform3D(0.187772, -0.139342, -0.972278, 0.123035, 0.985426, -0.117465, 0.974476, -0.0975676, 0.202179, 0.187848, 1.41472, 0.0361332)

[node name="UpperArmArea" parent="Mannequin/Mannequin/Skeleton3D/R_UpperArm" index="0"]
collision_layer = 8

[node name="R_Forearm" parent="Mannequin/Mannequin/Skeleton3D" index="5"]
transform = Transform3D(0.830257, -0.128794, -0.542296, 0.0382424, 0.983807, -0.175102, 0.556067, 0.124641, 0.821738, 0.226012, 1.14466, 0.062876)

[node name="ForearmArea" parent="Mannequin/Mannequin/Skeleton3D/R_Forearm" index="0"]
collision_layer = 8

[node name="R_Hand" parent="Mannequin/Mannequin/Skeleton3D" index="6"]
transform = Transform3D(-0.444873, -0.0447394, -0.894475, -0.141371, 0.989738, 0.0208075, 0.884365, 0.135709, -0.446633, 0.261558, 0.872986, 0.0284433)

[node name="HandArea" parent="Mannequin/Mannequin/Skeleton3D/R_Hand" index="0"]
collision_layer = 8

[node name="L_UpperArm" parent="Mannequin/Mannequin/Skeleton3D" index="7"]
transform = Transform3D(0.162985, 0.257265, 0.952497, -0.194615, 0.954821, -0.224591, -0.967244, -0.148765, 0.20569, -0.187725, 1.41627, 0.0325064)

[node name="UpperArmArea" parent="Mannequin/Mannequin/Skeleton3D/L_UpperArm" index="0"]
collision_layer = 8

[node name="L_Forearm" parent="Mannequin/Mannequin/Skeleton3D" index="8"]
transform = Transform3D(-0.407972, 0.0110038, 0.912928, 0.350631, 0.925136, 0.14554, -0.842981, 0.379478, -0.381287, -0.258251, 1.15461, 0.07327)

[node name="ForearmArea" parent="Mannequin/Mannequin/Skeleton3D/L_Forearm" index="0"]
collision_layer = 8

[node name="L_Hand" parent="Mannequin/Mannequin/Skeleton3D" index="9"]
transform = Transform3D(-0.358179, 0.0533016, 0.93213, 0.0967074, 0.995117, -0.0197427, -0.928631, 0.0830726, -0.361584, -0.26128, 0.899134, -0.0315002)

[node name="HandArea" parent="Mannequin/Mannequin/Skeleton3D/L_Hand" index="0"]
collision_layer = 8

[node name="Chest" parent="Mannequin/Mannequin/Skeleton3D" index="10"]
transform = Transform3D(1, -1.29182e-08, 5.47321e-10, 1.29292e-08, 0.998652, -0.0518974, 1.23839e-10, 0.0518974, 0.998652, 2.25832e-05, 1.34643, 0.0483816)

[node name="ChestArea" parent="Mannequin/Mannequin/Skeleton3D/Chest" index="0"]
collision_layer = 8

[node name="Stomach" parent="Mannequin/Mannequin/Skeleton3D" index="11"]
transform = Transform3D(1, -7.21353e-09, 4.21456e-10, 7.22422e-09, 0.999305, -0.0372849, -1.52208e-10, 0.0372849, 0.999305, 1.17638e-05, 1.21353, 0.027147)

[node name="StomachArea" parent="Mannequin/Mannequin/Skeleton3D/Stomach" index="0"]
collision_layer = 8

[node name="HipsArea" parent="Mannequin/Mannequin/Skeleton3D/Hips" index="0"]
collision_layer = 8

[node name="R_Thigh" parent="Mannequin/Mannequin/Skeleton3D" index="13"]
transform = Transform3D(-1, -1.11322e-09, 1.04258e-11, 1.11322e-09, -1, -7.6177e-10, 1.04258e-11, -7.6177e-10, 1, 0.0912446, 0.931355, 0.000553383)

[node name="ThighArea" parent="Mannequin/Mannequin/Skeleton3D/R_Thigh" index="0"]
collision_layer = 8

[node name="R_Shin" parent="Mannequin/Mannequin/Skeleton3D" index="14"]
transform = Transform3D(1, 1.27148e-09, 4.41438e-11, 1.27148e-09, -1, -2.79373e-09, 4.41438e-11, 2.79373e-09, -1, 0.0936914, 0.5254, 0.00569627)

[node name="ShinArea" parent="Mannequin/Mannequin/Skeleton3D/R_Shin" index="0"]
collision_layer = 8

[node name="R_Foot" parent="Mannequin/Mannequin/Skeleton3D" index="15"]
transform = Transform3D(-1, 6.27139e-09, 3.02771e-09, 3.02771e-09, 2.79373e-09, 1, 6.27139e-09, 1, -2.79373e-09, 0.0912447, 0.104921, 0.0263016)

[node name="FootArea" parent="Mannequin/Mannequin/Skeleton3D/R_Foot" index="0"]
collision_layer = 8

[node name="L_Thigh" parent="Mannequin/Mannequin/Skeleton3D" index="16"]
transform = Transform3D(-1, -1.41881e-09, 1.4133e-11, 1.41881e-09, -1, 8.15592e-10, 1.4133e-11, 8.15592e-10, 1, -0.0912445, 0.931355, 0.000553351)

[node name="ThighArea" parent="Mannequin/Mannequin/Skeleton3D/L_Thigh" index="0"]
collision_layer = 8

[node name="L_Shin" parent="Mannequin/Mannequin/Skeleton3D" index="17"]
transform = Transform3D(1, -1.0559e-09, -3.59608e-11, -1.0559e-09, -1, 5.14892e-10, -3.59608e-11, -5.14892e-10, -1, -0.0936914, 0.525401, 0.00570952)

[node name="ShinArea" parent="Mannequin/Mannequin/Skeleton3D/L_Shin" index="0"]
collision_layer = 8

[node name="L_Foot" parent="Mannequin/Mannequin/Skeleton3D" index="18"]
transform = Transform3D(-1, 3.06276e-09, -5.34261e-09, -5.34261e-09, -5.14892e-10, 1, 3.06276e-09, 1, 5.14892e-10, -0.0912447, 0.104922, 0.026301)

[node name="FootArea" parent="Mannequin/Mannequin/Skeleton3D/L_Foot" index="0"]
collision_layer = 8

[node name="ShootCast" parent="AimHelper" index="1"]
collision_mask = 13

[node name="TargetTimer" type="Timer" parent="." index="10"]
one_shot = true

[node name="ShootTimer" type="Timer" parent="." index="11"]
one_shot = true

[connection signal="target_reached" from="NavAgent" to="." method="goal_reached"]
[connection signal="timeout" from="TargetTimer" to="." method="target_lost"]

[editable path="Mannequin"]
