[gd_scene load_steps=28 format=3 uid="uid://65jhlh1xbkow"]

[ext_resource type="Script" path="res://Characters/CharacterBase.gd" id="1_hsiy1"]
[ext_resource type="PackedScene" uid="uid://31u0y7afils0" path="res://Characters/MannyBase.tscn" id="2_5odl3"]
[ext_resource type="PackedScene" uid="uid://ckqtvo1inhvtn" path="res://Props/Weapons/Slapper/Slapper.tscn" id="2_e1vp6"]
[ext_resource type="Script" path="res://Characters/BodySeg.gd" id="3_icqlu"]
[ext_resource type="PackedScene" uid="uid://bwie7ixf4v1vw" path="res://Props/Weapons/Pistol/Pistol.tscn" id="3_igi5e"]
[ext_resource type="PackedScene" uid="uid://dh23vd3s1cpss" path="res://Props/Weapons/SMG/SMG.tscn" id="4_a7f61"]
[ext_resource type="PackedScene" uid="uid://bhxw75oi8yofw" path="res://Props/Weapons/Rifle/Rifle.tscn" id="5_nv5n8"]
[ext_resource type="PackedScene" uid="uid://barsvh0ntyosw" path="res://Props/Weapons/Shotgun/Shotgun.tscn" id="6_8xy63"]
[ext_resource type="PackedScene" uid="uid://dlgv171g6as4t" path="res://Props/Weapons/Sniper/Sniper.tscn" id="7_rtaje"]
[ext_resource type="Script" path="res://Characters/Multiplayer/Voice.gd" id="9_hj0ir"]
[ext_resource type="AudioStream" uid="uid://dvwslqt03fwb6" path="res://Props/Weapons/Slapper/Slap.ogg" id="10_n02aa"]
[ext_resource type="Script" path="res://Utilities/RandomAudio.gd" id="11_ntang"]
[ext_resource type="AudioStream" uid="uid://b56r0e1ges6xc" path="res://Characters/Audio/footstep1.ogg" id="12_8kevp"]
[ext_resource type="AudioStream" uid="uid://doju4xf4dtgt" path="res://Characters/Audio/footstep2.ogg" id="13_xgngd"]
[ext_resource type="AudioStream" uid="uid://cxbr801up84rw" path="res://Characters/Audio/footstep4.ogg" id="14_df48h"]

[sub_resource type="CapsuleShape3D" id="CapsuleShape3D_5yxej"]
radius = 0.35
height = 1.8

[sub_resource type="CapsuleShape3D" id="CapsuleShape3D_ybita"]
radius = 0.125353
height = 0.334341

[sub_resource type="CylinderShape3D" id="CylinderShape3D_5nwuk"]
height = 0.138583
radius = 0.0660403

[sub_resource type="CapsuleShape3D" id="CapsuleShape3D_o0x7p"]
radius = 0.0453571
height = 0.38388

[sub_resource type="CapsuleShape3D" id="CapsuleShape3D_3mg8s"]
radius = 0.0347808
height = 0.343902

[sub_resource type="BoxShape3D" id="BoxShape3D_q006a"]
size = Vector3(0.0859375, 0.104492, 0.0412598)

[sub_resource type="CapsuleShape3D" id="CapsuleShape3D_33ikk"]
radius = 0.160307
height = 0.420551

[sub_resource type="CapsuleShape3D" id="CapsuleShape3D_u53g5"]
radius = 0.14963
height = 0.328408

[sub_resource type="SphereShape3D" id="SphereShape3D_xg4we"]
radius = 0.188636

[sub_resource type="CapsuleShape3D" id="CapsuleShape3D_m40cq"]
radius = 0.0927534
height = 0.444452

[sub_resource type="CapsuleShape3D" id="CapsuleShape3D_o4b52"]
radius = 0.0572174
height = 0.524105

[sub_resource type="CapsuleShape3D" id="CapsuleShape3D_f7heq"]
radius = 0.0600865
height = 0.305106

[node name="CharacterBase" type="CharacterBody3D" groups=["players"]]
collision_layer = 2
collision_mask = 3
platform_floor_layers = 4278190080
script = ExtResource("1_hsiy1")

[node name="Collision" type="CollisionShape3D" parent="."]
transform = Transform3D(1, 0, 0, 0, 1, 0, 0, 0, 1, 0, 0.9, 0)
visible = false
shape = SubResource("CapsuleShape3D_5yxej")

[node name="Mannequin" parent="." instance=ExtResource("2_5odl3")]

[node name="Skeleton3D" parent="Mannequin/Mannequin" index="0"]
show_rest_only = false
bones/0/position = Vector3(-5.98731e-06, 0.96274, 6.31525e-06)
bones/0/rotation = Quaternion(-8.68664e-05, -2.73902e-16, 3.54008e-15, 1)
bones/1/rotation = Quaternion(0.0027695, 9.4645e-11, 3.56393e-09, 0.999996)
bones/2/rotation = Quaternion(0.0158423, -1.51029e-11, 1.43397e-10, 0.999875)
bones/3/rotation = Quaternion(0.00729887, -1.28439e-11, 2.85004e-09, 0.999973)
bones/4/rotation = Quaternion(0.00528193, -2.82087e-11, -8.92806e-10, 0.999986)
bones/5/rotation = Quaternion(0.0225416, 0.000357638, -0.000201546, 0.999746)
bones/7/rotation = Quaternion(0.397326, 0.62899, 0.508648, -0.433338)
bones/8/rotation = Quaternion(-0.0542553, 0.839012, 0.539992, -0.0390402)
bones/9/rotation = Quaternion(-0.153845, 0.307266, 0.260643, 0.902211)
bones/10/rotation = Quaternion(0.00247955, -0.252092, -0.0606006, 0.965801)
bones/11/rotation = Quaternion(-0.373698, 0.597931, 0.195084, 0.681741)
bones/12/rotation = Quaternion(0.424274, -0.1013, 0.060351, 0.897824)
bones/13/rotation = Quaternion(0.320545, -0.174853, -0.121596, 0.92298)
bones/15/rotation = Quaternion(-0.124501, -0.0188522, 0.014091, 0.99194)
bones/16/rotation = Quaternion(-0.451058, 0.0924145, -0.039026, 0.886839)
bones/17/rotation = Quaternion(-0.32533, 0.0421658, -0.00664442, 0.944637)
bones/19/rotation = Quaternion(-0.202394, 0.0073778, 0.01966, 0.979079)
bones/20/rotation = Quaternion(-0.451059, 0.0924145, -0.039026, 0.886839)
bones/21/rotation = Quaternion(-0.32533, 0.0421658, -0.0066444, 0.944637)
bones/23/rotation = Quaternion(-0.296147, -0.000896066, 0.0239864, 0.954841)
bones/24/rotation = Quaternion(-0.451059, 0.0924146, -0.039026, 0.886839)
bones/25/rotation = Quaternion(-0.32533, 0.0421658, -0.00664441, 0.944637)
bones/27/rotation = Quaternion(-0.332845, -0.00108084, 0.0195801, 0.942778)
bones/28/rotation = Quaternion(-0.451059, 0.0924146, -0.039026, 0.886838)
bones/29/rotation = Quaternion(-0.32533, 0.0421658, -0.00664441, 0.944637)
bones/31/rotation = Quaternion(0.395065, -0.615778, -0.508686, -0.453849)
bones/32/rotation = Quaternion(-0.272671, 0.844381, 0.427856, 0.172075)
bones/33/rotation = Quaternion(0.486452, 0.372903, -0.408184, 0.676531)
bones/34/rotation = Quaternion(0.22788, -0.754697, -0.218731, 0.575031)
bones/35/rotation = Quaternion(-0.214187, -0.673887, -0.214187, 0.673887)
bones/36/rotation = Quaternion(-1.49012e-08, 1.63913e-08, 2.44249e-16, 1)
bones/37/rotation = Quaternion(-1.49012e-09, 1.78814e-08, 1.3411e-08, 1)
bones/39/rotation = Quaternion(0.0361639, 0.116248, 0.00254722, 0.992558)
bones/40/rotation = Quaternion(-0.00717308, -0.247706, 0.0236385, 0.96852)
bones/41/rotation = Quaternion(-0.0539372, -0.0426318, 0.0104935, 0.997579)
bones/43/rotation = Quaternion(0.0603294, 0.143306, -0.0516972, 0.986484)
bones/44/rotation = Quaternion(-0.0229867, 0.0292875, 0.0422369, 0.998414)
bones/45/rotation = Quaternion(-0.00225963, 0.0402304, 0.00132622, 0.999187)
bones/47/rotation = Quaternion(-0.00742987, 0.246163, -0.000473487, 0.9692)
bones/48/rotation = Quaternion(-0.0276351, -0.0395907, 0.00965135, 0.998787)
bones/49/rotation = Quaternion(-0.0789071, -0.196425, -0.0153969, 0.977217)
bones/51/rotation = Quaternion(-0.0604324, -0.515111, 0.0491645, 0.853576)
bones/52/rotation = Quaternion(0.00193195, 0.0790367, 0.0593259, 0.995103)
bones/53/rotation = Quaternion(0.0449307, -0.0267331, -0.0805956, 0.995375)
bones/55/rotation = Quaternion(0.0156193, -0.200516, 0.979123, 0.0294564)
bones/56/rotation = Quaternion(0.000631623, 0.978901, 0.203435, -0.0191706)
bones/57/rotation = Quaternion(0.0597299, 0.69833, -0.710641, 0.0612916)
bones/58/rotation = Quaternion(-0.006268, 0.985973, -0.164237, -0.029066)
bones/60/rotation = Quaternion(0.00461375, 0.0583817, 0.997919, -0.0270003)
bones/61/rotation = Quaternion(0.000601581, 0.993494, 0.112888, -0.0150201)
bones/62/rotation = Quaternion(-0.0745878, 0.789324, -0.606915, -0.0553054)
bones/63/rotation = Quaternion(0.010194, 0.992912, -0.117345, 0.0158695)

[node name="Head" type="BoneAttachment3D" parent="Mannequin/Mannequin/Skeleton3D" index="2"]
transform = Transform3D(1, 0.000419101, 0.000706008, -0.000341082, 0.994249, -0.107094, -0.000746831, 0.107094, 0.994249, 3.84945e-05, 1.56677, 0.023209)
bone_name = "mixamorig_Head"
bone_idx = 5

[node name="HeadArea" type="Area3D" parent="Mannequin/Mannequin/Skeleton3D/Head"]
transform = Transform3D(1, 0, 0, 0, 0.912034, -0.410114, 0, 0.410114, 0.912034, 0, 0.067727, -0.0138693)
collision_layer = 0
script = ExtResource("3_icqlu")

[node name="Shape" type="CollisionShape3D" parent="Mannequin/Mannequin/Skeleton3D/Head/HeadArea"]
shape = SubResource("CapsuleShape3D_ybita")

[node name="Neck" type="BoneAttachment3D" parent="Mannequin/Mannequin/Skeleton3D" index="3"]
transform = Transform3D(1, -1.13061e-08, 6.05503e-10, 1.13218e-08, 0.998065, -0.0621728, 9.85973e-11, 0.0621728, 0.998065, 2.94686e-05, 1.4618, 0.0481551)
bone_name = "mixamorig_Neck"
bone_idx = 4

[node name="NeckArea" type="Area3D" parent="Mannequin/Mannequin/Skeleton3D/Neck"]
transform = Transform3D(1, 0, 0, 0, 0.978053, 0.208356, 0, -0.208356, 0.978053, 0, 0.0442795, -0.0144586)
collision_layer = 0
script = ExtResource("3_icqlu")

[node name="Shape" type="CollisionShape3D" parent="Mannequin/Mannequin/Skeleton3D/Neck/NeckArea"]
shape = SubResource("CylinderShape3D_5nwuk")

[node name="R_UpperArm" type="BoneAttachment3D" parent="Mannequin/Mannequin/Skeleton3D" index="4"]
transform = Transform3D(0.433294, -0.193706, -0.88019, -0.585935, 0.681517, -0.438423, 0.68479, 0.7057, 0.181798, 0.187842, 1.37954, 0.036046)
bone_name = "mixamorig_RightArm"
bone_idx = 32

[node name="UpperArmArea" type="Area3D" parent="Mannequin/Mannequin/Skeleton3D/R_UpperArm"]
transform = Transform3D(1, 0, 0, 0, 1, 0, 0, 0, 1, 0, -0.123637, 0)
collision_layer = 0
script = ExtResource("3_icqlu")
body_seg = 2

[node name="Shape" type="CollisionShape3D" parent="Mannequin/Mannequin/Skeleton3D/R_UpperArm/UpperArmArea"]
shape = SubResource("CapsuleShape3D_o0x7p")

[node name="R_Forearm" type="BoneAttachment3D" parent="Mannequin/Mannequin/Skeleton3D" index="5"]
transform = Transform3D(0.998764, 0.0476349, 0.0141892, 0.0384438, -0.559415, -0.827996, -0.0315039, 0.827518, -0.560555, 0.240906, 1.19277, -0.157345)
bone_name = "mixamorig_RightForeArm"
bone_idx = 33

[node name="ForearmArea" type="Area3D" parent="Mannequin/Mannequin/Skeleton3D/R_Forearm"]
transform = Transform3D(1, 0, 0, 0, 1, 0, 0, 0, 1, 0, -0.135827, 0)
collision_layer = 0
script = ExtResource("3_icqlu")
body_seg = 2

[node name="Shape" type="CollisionShape3D" parent="Mannequin/Mannequin/Skeleton3D/R_Forearm/ForearmArea"]
shape = SubResource("CapsuleShape3D_3mg8s")

[node name="R_Hand" type="BoneAttachment3D" parent="Mannequin/Mannequin/Skeleton3D" index="6"]
transform = Transform3D(-0.251996, -0.0457601, -0.966646, -0.312003, -0.9417, 0.125916, -0.916053, 0.333326, 0.223028, 0.227728, 1.34725, -0.385859)
bone_name = "mixamorig_RightHand"
bone_idx = 34

[node name="HandArea" type="Area3D" parent="Mannequin/Mannequin/Skeleton3D/R_Hand"]
transform = Transform3D(1, 0, 0, 0, 1, 0, 0, 0, 1, 0.00174178, -0.0687678, 0)
collision_layer = 0
script = ExtResource("3_icqlu")
body_seg = 2

[node name="Shape" type="CollisionShape3D" parent="Mannequin/Mannequin/Skeleton3D/R_Hand/HandArea"]
shape = SubResource("BoxShape3D_q006a")

[node name="Weapons" type="Node3D" parent="Mannequin/Mannequin/Skeleton3D/R_Hand"]
unique_name_in_owner = true
transform = Transform3D(0.999928, 0, 0, 0, 0.999944, 0, 0, 0, 0.999984, 0, 0, 0)

[node name="Slapper" parent="Mannequin/Mannequin/Skeleton3D/R_Hand/Weapons" instance=ExtResource("2_e1vp6")]
transform = Transform3D(1.00007, 0, 0, 0, 1.00006, 0, 0, 0, 1.00002, 0, 0, 0)
visible = false

[node name="Pistol" parent="Mannequin/Mannequin/Skeleton3D/R_Hand/Weapons" instance=ExtResource("3_igi5e")]
transform = Transform3D(0.036594, -0.986953, 0.157254, -0.017773, 0.15669, 0.987544, -0.999188, -0.0389287, -0.0118059, -0.00954588, -0.083788, 0.0260225)
visible = false

[node name="SMG" parent="Mannequin/Mannequin/Skeleton3D/R_Hand/Weapons" instance=ExtResource("4_a7f61")]
transform = Transform3D(1.00007, 0, 0, 0, 1.00006, 0, 0, 0, 1.00002, 0, 0, 0)
visible = false

[node name="Rifle" parent="Mannequin/Mannequin/Skeleton3D/R_Hand/Weapons" instance=ExtResource("5_nv5n8")]
transform = Transform3D(-4.37145e-08, -0.959412, 0.282262, 0, 0.282257, 0.959398, -1.00002, 4.19349e-08, -1.23374e-08, 0.0130894, -0.0986374, 0.0279723)
visible = false

[node name="Shotgun" parent="Mannequin/Mannequin/Skeleton3D/R_Hand/Weapons" instance=ExtResource("6_8xy63")]
transform = Transform3D(1.00007, 0, 0, 0, 1.00006, 0, 0, 0, 1.00002, 0, 0, 0)
visible = false

[node name="Sniper" parent="Mannequin/Mannequin/Skeleton3D/R_Hand/Weapons" instance=ExtResource("7_rtaje")]
transform = Transform3D(1.00007, 0, 0, 0, 1.00006, 0, 0, 0, 1.00002, 0, 0, 0)
visible = false

[node name="L_UpperArm" type="BoneAttachment3D" parent="Mannequin/Mannequin/Skeleton3D" index="7"]
transform = Transform3D(0.179668, 0.273337, 0.944991, -0.0231421, 0.961531, -0.273721, -0.983455, 0.0273097, 0.179081, -0.187731, 1.3811, 0.0324187)
bone_name = "mixamorig_LeftArm"
bone_idx = 8

[node name="UpperArmArea" type="Area3D" parent="Mannequin/Mannequin/Skeleton3D/L_UpperArm"]
transform = Transform3D(1, 0, 0, 0, 1, 0, 0, 0, 1, 0, -0.123637, 0)
collision_layer = 0
script = ExtResource("3_icqlu")
body_seg = 2

[node name="Shape" type="CollisionShape3D" parent="Mannequin/Mannequin/Skeleton3D/L_UpperArm/UpperArmArea"]
shape = SubResource("CapsuleShape3D_o0x7p")

[node name="L_Forearm" type="BoneAttachment3D" parent="Mannequin/Mannequin/Skeleton3D" index="8"]
transform = Transform3D(-0.375682, 0.0108056, 0.926686, 0.519398, 0.830586, 0.20088, -0.767522, 0.556785, -0.317648, -0.262661, 1.1176, 0.0249302)
bone_name = "mixamorig_LeftForeArm"
bone_idx = 9

[node name="ForearmArea" type="Area3D" parent="Mannequin/Mannequin/Skeleton3D/L_Forearm"]
transform = Transform3D(1, 0, 0, 0, 1, 0, 0, 0, 1, 0, -0.135827, 0)
collision_layer = 0
script = ExtResource("3_icqlu")
body_seg = 2

[node name="Shape" type="CollisionShape3D" parent="Mannequin/Mannequin/Skeleton3D/L_Forearm/ForearmArea"]
shape = SubResource("CapsuleShape3D_3mg8s")

[node name="L_Hand" type="BoneAttachment3D" parent="Mannequin/Mannequin/Skeleton3D" index="9"]
transform = Transform3D(0.124512, -2.78689e-05, 0.992218, 0.44906, 0.891725, -0.0563271, -0.884784, 0.452579, 0.111043, -0.265636, 0.888229, -0.128804)
bone_name = "mixamorig_LeftHand"
bone_idx = 10

[node name="HandArea" type="Area3D" parent="Mannequin/Mannequin/Skeleton3D/L_Hand"]
transform = Transform3D(1, 0, 0, 0, 1, 0, 0, 0, 1, 0.00174178, -0.0687678, 0)
collision_layer = 0
script = ExtResource("3_icqlu")
body_seg = 2

[node name="Shape" type="CollisionShape3D" parent="Mannequin/Mannequin/Skeleton3D/L_Hand/HandArea"]
shape = SubResource("BoxShape3D_q006a")

[node name="Chest" type="BoneAttachment3D" parent="Mannequin/Mannequin/Skeleton3D" index="10"]
transform = Transform3D(1, -1.30977e-08, 5.3302e-10, 1.31078e-08, 0.998666, -0.051626, 1.43873e-10, 0.051626, 0.998666, 1.65282e-05, 1.31126, 0.0483129)
bone_name = "mixamorig_Spine2"
bone_idx = 3

[node name="ChestArea" type="Area3D" parent="Mannequin/Mannequin/Skeleton3D/Chest"]
transform = Transform3D(1, 0, 0, 0, 0.943605, -0.331074, 0, 0.331074, 0.943605, 0, 0.00574178, -0.0423572)
collision_layer = 0
script = ExtResource("3_icqlu")
body_seg = 1

[node name="Shape" type="CollisionShape3D" parent="Mannequin/Mannequin/Skeleton3D/Chest/ChestArea"]
shape = SubResource("CapsuleShape3D_33ikk")

[node name="Stomach" type="BoneAttachment3D" parent="Mannequin/Mannequin/Skeleton3D" index="11"]
transform = Transform3D(1, -7.40435e-09, 4.09063e-10, 7.41442e-09, 0.999314, -0.0370426, -1.34506e-10, 0.0370426, 0.999314, 5.7089e-06, 1.17835, 0.0271105)
bone_name = "mixamorig_Spine1"
bone_idx = 2

[node name="StomachArea" type="Area3D" parent="Mannequin/Mannequin/Skeleton3D/Stomach"]
transform = Transform3D(-4.37114e-08, -1, 0, 1, -4.37114e-08, 0, 0, 0, 1, 1.47112e-09, -0.0336554, -0.0353913)
collision_layer = 0
script = ExtResource("3_icqlu")
body_seg = 1

[node name="Shape" type="CollisionShape3D" parent="Mannequin/Mannequin/Skeleton3D/Stomach/StomachArea"]
shape = SubResource("CapsuleShape3D_u53g5")

[node name="Hips" type="BoneAttachment3D" parent="Mannequin/Mannequin/Skeleton3D" index="12"]
transform = Transform3D(1, -7.08011e-15, -5.48419e-16, 7.0802e-15, 1, 0.000173733, 5.47189e-16, -0.000173733, 1, -5.98731e-06, 0.96274, 6.31525e-06)
bone_name = "mixamorig_Hips"
bone_idx = 0

[node name="HipsArea" type="Area3D" parent="Mannequin/Mannequin/Skeleton3D/Hips"]
transform = Transform3D(-4.37114e-08, -1, 0, 1, -4.37114e-08, 0, 0, 0, 1, 3.86479e-09, 0.0183108, 0.000184305)
collision_layer = 0
script = ExtResource("3_icqlu")
body_seg = 1

[node name="Shape" type="CollisionShape3D" parent="Mannequin/Mannequin/Skeleton3D/Hips/HipsArea"]
shape = SubResource("SphereShape3D_xg4we")

[node name="R_Thigh" type="BoneAttachment3D" parent="Mannequin/Mannequin/Skeleton3D" index="13"]
transform = Transform3D(-0.9985, 0.0544269, 0.00605566, -0.0533473, -0.991705, 0.116942, 0.0123702, 0.116444, 0.99312, 0.0912385, 0.896176, 0.000571672)
bone_name = "mixamorig_RightUpLeg"
bone_idx = 60

[node name="ThighArea" type="Area3D" parent="Mannequin/Mannequin/Skeleton3D/R_Thigh"]
transform = Transform3D(-1, 8.74228e-08, 0, -8.74228e-08, -1, 0, 0, 0, 1, -0.0113323, 0.215818, 0.000184305)
collision_layer = 0
script = ExtResource("3_icqlu")
body_seg = 2

[node name="Shape" type="CollisionShape3D" parent="Mannequin/Mannequin/Skeleton3D/R_Thigh/ThighArea"]
shape = SubResource("CapsuleShape3D_m40cq")

[node name="R_Shin" type="BoneAttachment3D" parent="Mannequin/Mannequin/Skeleton3D" index="14"]
transform = Transform3D(0.99811, 0.0498182, 0.0359751, 0.0590068, -0.940444, -0.334788, 0.017154, 0.336278, -0.941607, 0.115808, 0.494321, 0.0529197)
bone_name = "mixamorig_RightLeg"
bone_idx = 61

[node name="ShinArea" type="Area3D" parent="Mannequin/Mannequin/Skeleton3D/R_Shin"]
transform = Transform3D(-1, 8.71642e-08, -6.71916e-09, -8.74228e-08, -0.997042, 0.0768582, 0, 0.0768582, 0.997042, -0.00363756, 0.20123, -0.0182244)
collision_layer = 0
script = ExtResource("3_icqlu")
body_seg = 2

[node name="Shape" type="CollisionShape3D" parent="Mannequin/Mannequin/Skeleton3D/R_Shin/ShinArea"]
shape = SubResource("CapsuleShape3D_o4b52")

[node name="R_Foot" type="BoneAttachment3D" parent="Mannequin/Mannequin/Skeleton3D" index="15"]
transform = Transform3D(-0.977022, -0.206138, -0.0541715, -0.0699274, 0.0699275, 0.995098, -0.201339, 0.976021, -0.0827354, 0.133572, 0.105638, 0.213678)
bone_name = "mixamorig_RightFoot"
bone_idx = 62

[node name="FootArea" type="Area3D" parent="Mannequin/Mannequin/Skeleton3D/R_Foot"]
transform = Transform3D(1, 0, 0, 0, 1, 0, 0, 0, 1, -0.0128622, -0.0763761, -0.0497808)
collision_layer = 0
script = ExtResource("3_icqlu")
body_seg = 2

[node name="Shape" type="CollisionShape3D" parent="Mannequin/Mannequin/Skeleton3D/R_Foot/FootArea"]
shape = SubResource("CapsuleShape3D_f7heq")

[node name="L_Thigh" type="BoneAttachment3D" parent="Mannequin/Mannequin/Skeleton3D" index="16"]
transform = Transform3D(-0.997777, -0.0639468, 0.0187735, 0.0514265, -0.91792, -0.39342, 0.0423905, -0.39158, 0.919167, -0.0912506, 0.896176, 0.00057164)
bone_name = "mixamorig_LeftUpLeg"
bone_idx = 55

[node name="ThighArea" type="Area3D" parent="Mannequin/Mannequin/Skeleton3D/L_Thigh"]
transform = Transform3D(-1, 8.74228e-08, 0, -8.74228e-08, -1, 0, 0, 0, 1, 0.011, 0.216, 0)
collision_layer = 0
script = ExtResource("3_icqlu")
body_seg = 2

[node name="Shape" type="CollisionShape3D" parent="Mannequin/Mannequin/Skeleton3D/L_Thigh/ThighArea"]
shape = SubResource("CapsuleShape3D_m40cq")

[node name="L_Shin" type="BoneAttachment3D" parent="Mannequin/Mannequin/Skeleton3D" index="17"]
transform = Transform3D(0.998171, -0.0601935, -0.00548408, -0.060231, -0.99816, -0.00696564, -0.0050547, 0.00728312, -0.999961, -0.119555, 0.52164, -0.153549)
bone_name = "mixamorig_LeftLeg"
bone_idx = 56

[node name="ShinArea" type="Area3D" parent="Mannequin/Mannequin/Skeleton3D/L_Shin"]
transform = Transform3D(-1, 8.71642e-08, -6.71916e-09, -8.74228e-08, -0.997042, 0.0768582, 0, 0.0768582, 0.997042, 0.004, 0.201, -0.018)
collision_layer = 0
script = ExtResource("3_icqlu")
body_seg = 2

[node name="Shape" type="CollisionShape3D" parent="Mannequin/Mannequin/Skeleton3D/L_Shin/ShinArea"]
shape = SubResource("CapsuleShape3D_o4b52")

[node name="L_Foot" type="BoneAttachment3D" parent="Mannequin/Mannequin/Skeleton3D" index="18"]
transform = Transform3D(-0.982392, 0.176659, 0.0607972, 0.0642198, 0.0137162, 0.997842, 0.175444, 0.984177, -0.0248195, -0.14231, 0.101931, -0.129908)
bone_name = "mixamorig_LeftFoot"
bone_idx = 57

[node name="FootArea" type="Area3D" parent="Mannequin/Mannequin/Skeleton3D/L_Foot"]
transform = Transform3D(1, 0, 0, 0, 1, 0, 0, 0, 1, 0.013, -0.076, -0.05)
collision_layer = 0
script = ExtResource("3_icqlu")
body_seg = 2

[node name="Shape" type="CollisionShape3D" parent="Mannequin/Mannequin/Skeleton3D/L_Foot/FootArea"]
shape = SubResource("CapsuleShape3D_f7heq")

[node name="AnimTree" parent="Mannequin" index="2"]
parameters/Lower/RunIdle/blend_position = Vector2(0.000971794, 0)
parameters/Upper/Pistol/Alert/blend_position = 0.0

[node name="AimHelper" type="Node3D" parent="."]
transform = Transform3D(1, 0, 0, 0, 1, 0, 0, 0, 1, 0, 1.65, 0)

[node name="Camera" type="Camera3D" parent="AimHelper"]
unique_name_in_owner = true
transform = Transform3D(1, 0, 0, 0, 0.97237, 0.233445, 0, -0.233445, 0.97237, 0, 0.5, 0.75)
visible = false
cull_mask = 1048551

[node name="ShootCast" type="RayCast3D" parent="AimHelper"]
unique_name_in_owner = true
visible = false
target_position = Vector3(0, 0, -999)
collision_mask = 9
hit_back_faces = false
collide_with_areas = true

[node name="DmgLbl" type="Node3D" parent="."]
transform = Transform3D(1, 0, 0, 0, 1, 0, 0, 0, 1, 0, 1.88315, 0)

[node name="Voice" type="Node3D" parent="."]
script = ExtResource("9_hj0ir")

[node name="Slapped" type="AudioStreamPlayer3D" parent="."]
stream = ExtResource("10_n02aa")
bus = &"SFX"

[node name="Footsteps" type="Node3D" parent="."]
script = ExtResource("11_ntang")

[node name="Footsteps1" type="AudioStreamPlayer3D" parent="Footsteps"]
stream = ExtResource("12_8kevp")
unit_size = 2.0
max_distance = 3.0
bus = &"SFX"

[node name="Footsteps2" type="AudioStreamPlayer3D" parent="Footsteps"]
stream = ExtResource("13_xgngd")
unit_size = 2.0
max_distance = 3.0
bus = &"SFX"

[node name="Footsteps3" type="AudioStreamPlayer3D" parent="Footsteps"]
stream = ExtResource("14_df48h")
unit_size = 2.0
max_distance = 3.0
bus = &"SFX"

[connection signal="take_damage" from="Mannequin/Mannequin/Skeleton3D/Head/HeadArea" to="." method="take_damage"]
[connection signal="take_damage" from="Mannequin/Mannequin/Skeleton3D/Neck/NeckArea" to="." method="take_damage"]
[connection signal="take_damage" from="Mannequin/Mannequin/Skeleton3D/R_UpperArm/UpperArmArea" to="." method="take_damage"]
[connection signal="take_damage" from="Mannequin/Mannequin/Skeleton3D/R_Forearm/ForearmArea" to="." method="take_damage"]
[connection signal="take_damage" from="Mannequin/Mannequin/Skeleton3D/R_Hand/HandArea" to="." method="take_damage"]
[connection signal="take_damage" from="Mannequin/Mannequin/Skeleton3D/L_UpperArm/UpperArmArea" to="." method="take_damage"]
[connection signal="take_damage" from="Mannequin/Mannequin/Skeleton3D/L_Forearm/ForearmArea" to="." method="take_damage"]
[connection signal="take_damage" from="Mannequin/Mannequin/Skeleton3D/L_Hand/HandArea" to="." method="take_damage"]
[connection signal="take_damage" from="Mannequin/Mannequin/Skeleton3D/Chest/ChestArea" to="." method="take_damage"]
[connection signal="take_damage" from="Mannequin/Mannequin/Skeleton3D/Stomach/StomachArea" to="." method="take_damage"]
[connection signal="take_damage" from="Mannequin/Mannequin/Skeleton3D/Hips/HipsArea" to="." method="take_damage"]
[connection signal="take_damage" from="Mannequin/Mannequin/Skeleton3D/R_Thigh/ThighArea" to="." method="take_damage"]
[connection signal="take_damage" from="Mannequin/Mannequin/Skeleton3D/R_Shin/ShinArea" to="." method="take_damage"]
[connection signal="take_damage" from="Mannequin/Mannequin/Skeleton3D/R_Foot/FootArea" to="." method="take_damage"]
[connection signal="take_damage" from="Mannequin/Mannequin/Skeleton3D/L_Thigh/ThighArea" to="." method="take_damage"]
[connection signal="take_damage" from="Mannequin/Mannequin/Skeleton3D/L_Shin/ShinArea" to="." method="take_damage"]
[connection signal="take_damage" from="Mannequin/Mannequin/Skeleton3D/L_Foot/FootArea" to="." method="take_damage"]

[editable path="Mannequin"]
