[gd_scene load_steps=23 format=3 uid="uid://65jhlh1xbkow"]

[ext_resource type="Script" path="res://Characters/CharacterBase.gd" id="1_hsiy1"]
[ext_resource type="PackedScene" uid="uid://31u0y7afils0" path="res://Characters/MannyBase.tscn" id="2_5odl3"]
[ext_resource type="PackedScene" uid="uid://ckqtvo1inhvtn" path="res://Props/Weapons/Slapper/Slapper.tscn" id="2_e1vp6"]
[ext_resource type="Script" path="res://Characters/BodySeg.gd" id="3_icqlu"]
[ext_resource type="Script" path="res://Characters/BotSim/Voice.gd" id="9_hj0ir"]
[ext_resource type="AudioStream" uid="uid://dvwslqt03fwb6" path="res://Props/Weapons/Slapper/Slap.ogg" id="10_n02aa"]
[ext_resource type="Script" path="res://Utilities/RandomAudio.gd" id="11_ntang"]
[ext_resource type="AudioStream" uid="uid://b56r0e1ges6xc" path="res://Characters/Audio/footstep1.ogg" id="12_8kevp"]
[ext_resource type="AudioStream" uid="uid://doju4xf4dtgt" path="res://Characters/Audio/footstep2.ogg" id="13_xgngd"]
[ext_resource type="AudioStream" uid="uid://cxbr801up84rw" path="res://Characters/Audio/footstep4.ogg" id="14_df48h"]

[sub_resource type="CapsuleShape3D" id="CapsuleShape3D_5yxej"]
radius = 0.35
height = 1.8

[sub_resource type="CapsuleShape3D" id="CapsuleShape3D_ybita"]
radius = 0.125353
height = 0.334341

[sub_resource type="CylinderShape3D" id="CylinderShape3D_5nwuk"]
height = 0.138583
radius = 0.0660403

[sub_resource type="CapsuleShape3D" id="CapsuleShape3D_o0x7p"]
radius = 0.0453571
height = 0.38388

[sub_resource type="CapsuleShape3D" id="CapsuleShape3D_3mg8s"]
radius = 0.0347808
height = 0.343902

[sub_resource type="BoxShape3D" id="BoxShape3D_q006a"]
size = Vector3(0.0859375, 0.104492, 0.0412598)

[sub_resource type="CapsuleShape3D" id="CapsuleShape3D_33ikk"]
radius = 0.160307
height = 0.420551

[sub_resource type="CapsuleShape3D" id="CapsuleShape3D_u53g5"]
radius = 0.14963
height = 0.328408

[sub_resource type="SphereShape3D" id="SphereShape3D_xg4we"]
radius = 0.188636

[sub_resource type="CapsuleShape3D" id="CapsuleShape3D_m40cq"]
radius = 0.0927534
height = 0.444452

[sub_resource type="CapsuleShape3D" id="CapsuleShape3D_o4b52"]
radius = 0.0572174
height = 0.524105

[sub_resource type="CapsuleShape3D" id="CapsuleShape3D_f7heq"]
radius = 0.0600865
height = 0.305106

[node name="CharacterBase" type="CharacterBody3D" groups=["players"]]
collision_layer = 2
collision_mask = 3
platform_floor_layers = 4278190080
script = ExtResource("1_hsiy1")

[node name="Collision" type="CollisionShape3D" parent="."]
transform = Transform3D(1, 0, 0, 0, 1, 0, 0, 0, 1, 0, 0.9, 0)
shape = SubResource("CapsuleShape3D_5yxej")

[node name="Mannequin" parent="." instance=ExtResource("2_5odl3")]

[node name="Skeleton3D" parent="Mannequin/Mannequin" index="0"]
show_rest_only = false

[node name="Head" type="BoneAttachment3D" parent="Mannequin/Mannequin/Skeleton3D" index="2"]
transform = Transform3D(1, 0.000418454, 0.000706413, -0.000346331, 0.99507, -0.099176, -0.000744431, 0.0991758, 0.99507, 4.45496e-05, 1.60182, 0.0228464)
bone_name = "mixamorig_Head"
bone_idx = 5

[node name="HeadArea" type="Area3D" parent="Mannequin/Mannequin/Skeleton3D/Head"]
transform = Transform3D(1, 0, 0, 0, 0.912034, -0.410114, 0, 0.410114, 0.912034, 0, 0.067727, -0.0138693)
collision_layer = 0
script = ExtResource("3_icqlu")

[node name="Shape" type="CollisionShape3D" parent="Mannequin/Mannequin/Skeleton3D/Head/HeadArea"]
shape = SubResource("CapsuleShape3D_ybita")

[node name="Neck" type="BoneAttachment3D" parent="Mannequin/Mannequin/Skeleton3D" index="3"]
transform = Transform3D(1, -1.1074e-08, 6.3271e-10, 1.1092e-08, 0.998335, -0.05768, 7.09021e-12, 0.05768, 0.998335, 3.55236e-05, 1.49696, 0.0482648)
bone_name = "mixamorig_Neck"
bone_idx = 4

[node name="NeckArea" type="Area3D" parent="Mannequin/Mannequin/Skeleton3D/Neck"]
transform = Transform3D(1, 0, 0, 0, 0.978053, 0.208356, 0, -0.208356, 0.978053, 0, 0.0442795, -0.0144586)
collision_layer = 0
script = ExtResource("3_icqlu")

[node name="Shape" type="CollisionShape3D" parent="Mannequin/Mannequin/Skeleton3D/Neck/NeckArea"]
shape = SubResource("CylinderShape3D_5nwuk")

[node name="R_UpperArm" type="BoneAttachment3D" parent="Mannequin/Mannequin/Skeleton3D" index="4"]
transform = Transform3D(0.187772, -0.139342, -0.972278, 0.123035, 0.985426, -0.117465, 0.974476, -0.0975676, 0.202179, 0.187848, 1.41472, 0.0361332)
bone_name = "mixamorig_RightArm"
bone_idx = 32

[node name="UpperArmArea" type="Area3D" parent="Mannequin/Mannequin/Skeleton3D/R_UpperArm"]
transform = Transform3D(1, 0, 0, 0, 1, 0, 0, 0, 1, 0, -0.123637, 0)
collision_layer = 0
script = ExtResource("3_icqlu")
body_seg = 2

[node name="Shape" type="CollisionShape3D" parent="Mannequin/Mannequin/Skeleton3D/R_UpperArm/UpperArmArea"]
shape = SubResource("CapsuleShape3D_o0x7p")

[node name="R_Forearm" type="BoneAttachment3D" parent="Mannequin/Mannequin/Skeleton3D" index="5"]
transform = Transform3D(0.830257, -0.128794, -0.542296, 0.0382424, 0.983807, -0.175102, 0.556067, 0.124641, 0.821738, 0.226012, 1.14466, 0.062876)
bone_name = "mixamorig_RightForeArm"
bone_idx = 33

[node name="ForearmArea" type="Area3D" parent="Mannequin/Mannequin/Skeleton3D/R_Forearm"]
transform = Transform3D(1, 0, 0, 0, 1, 0, 0, 0, 1, 0, -0.135827, 0)
collision_layer = 0
script = ExtResource("3_icqlu")
body_seg = 2

[node name="Shape" type="CollisionShape3D" parent="Mannequin/Mannequin/Skeleton3D/R_Forearm/ForearmArea"]
shape = SubResource("CapsuleShape3D_3mg8s")

[node name="R_Hand" type="BoneAttachment3D" parent="Mannequin/Mannequin/Skeleton3D" index="6"]
transform = Transform3D(-0.444873, -0.0447394, -0.894475, -0.141371, 0.989738, 0.0208075, 0.884365, 0.135709, -0.446633, 0.261558, 0.872986, 0.0284433)
bone_name = "mixamorig_RightHand"
bone_idx = 34

[node name="HandArea" type="Area3D" parent="Mannequin/Mannequin/Skeleton3D/R_Hand"]
transform = Transform3D(1, 0, 0, 0, 1, 0, 0, 0, 1, 0.00174178, -0.0687678, 0)
collision_layer = 0
script = ExtResource("3_icqlu")
body_seg = 2

[node name="Shape" type="CollisionShape3D" parent="Mannequin/Mannequin/Skeleton3D/R_Hand/HandArea"]
shape = SubResource("BoxShape3D_q006a")

[node name="Weapons" type="Node3D" parent="Mannequin/Mannequin/Skeleton3D/R_Hand"]
unique_name_in_owner = true

[node name="Slapper" parent="Mannequin/Mannequin/Skeleton3D/R_Hand/Weapons" node_paths=PackedStringArray("wielder") instance=ExtResource("2_e1vp6")]
wielder = NodePath("../../../../../..")

[node name="L_UpperArm" type="BoneAttachment3D" parent="Mannequin/Mannequin/Skeleton3D" index="7"]
transform = Transform3D(0.162985, 0.257265, 0.952497, -0.194615, 0.954821, -0.224591, -0.967244, -0.148765, 0.20569, -0.187725, 1.41627, 0.0325064)
bone_name = "mixamorig_LeftArm"
bone_idx = 8

[node name="UpperArmArea" type="Area3D" parent="Mannequin/Mannequin/Skeleton3D/L_UpperArm"]
transform = Transform3D(1, 0, 0, 0, 1, 0, 0, 0, 1, 0, -0.123637, 0)
collision_layer = 0
script = ExtResource("3_icqlu")
body_seg = 2

[node name="Shape" type="CollisionShape3D" parent="Mannequin/Mannequin/Skeleton3D/L_UpperArm/UpperArmArea"]
shape = SubResource("CapsuleShape3D_o0x7p")

[node name="L_Forearm" type="BoneAttachment3D" parent="Mannequin/Mannequin/Skeleton3D" index="8"]
transform = Transform3D(-0.407972, 0.0110038, 0.912928, 0.350631, 0.925136, 0.14554, -0.842981, 0.379478, -0.381287, -0.258251, 1.15461, 0.07327)
bone_name = "mixamorig_LeftForeArm"
bone_idx = 9

[node name="ForearmArea" type="Area3D" parent="Mannequin/Mannequin/Skeleton3D/L_Forearm"]
transform = Transform3D(1, 0, 0, 0, 1, 0, 0, 0, 1, 0, -0.135827, 0)
collision_layer = 0
script = ExtResource("3_icqlu")
body_seg = 2

[node name="Shape" type="CollisionShape3D" parent="Mannequin/Mannequin/Skeleton3D/L_Forearm/ForearmArea"]
shape = SubResource("CapsuleShape3D_3mg8s")

[node name="L_Hand" type="BoneAttachment3D" parent="Mannequin/Mannequin/Skeleton3D" index="9"]
transform = Transform3D(-0.358179, 0.0533016, 0.93213, 0.0967074, 0.995117, -0.0197427, -0.928631, 0.0830726, -0.361584, -0.26128, 0.899134, -0.0315002)
bone_name = "mixamorig_LeftHand"
bone_idx = 10

[node name="HandArea" type="Area3D" parent="Mannequin/Mannequin/Skeleton3D/L_Hand"]
transform = Transform3D(1, 0, 0, 0, 1, 0, 0, 0, 1, 0.00174178, -0.0687678, 0)
collision_layer = 0
script = ExtResource("3_icqlu")
body_seg = 2

[node name="Shape" type="CollisionShape3D" parent="Mannequin/Mannequin/Skeleton3D/L_Hand/HandArea"]
shape = SubResource("BoxShape3D_q006a")

[node name="Chest" type="BoneAttachment3D" parent="Mannequin/Mannequin/Skeleton3D" index="10"]
transform = Transform3D(1, -1.29182e-08, 5.47321e-10, 1.29292e-08, 0.998652, -0.0518974, 1.23839e-10, 0.0518974, 0.998652, 2.25832e-05, 1.34643, 0.0483816)
bone_name = "mixamorig_Spine2"
bone_idx = 3

[node name="ChestArea" type="Area3D" parent="Mannequin/Mannequin/Skeleton3D/Chest"]
transform = Transform3D(1, 0, 0, 0, 0.943605, -0.331074, 0, 0.331074, 0.943605, 0, 0.00574178, -0.0423572)
collision_layer = 0
script = ExtResource("3_icqlu")
body_seg = 1

[node name="Shape" type="CollisionShape3D" parent="Mannequin/Mannequin/Skeleton3D/Chest/ChestArea"]
shape = SubResource("CapsuleShape3D_33ikk")

[node name="Stomach" type="BoneAttachment3D" parent="Mannequin/Mannequin/Skeleton3D" index="11"]
transform = Transform3D(1, -7.21353e-09, 4.21456e-10, 7.22422e-09, 0.999305, -0.0372849, -1.52208e-10, 0.0372849, 0.999305, 1.17638e-05, 1.21353, 0.027147)
bone_name = "mixamorig_Spine1"
bone_idx = 2

[node name="StomachArea" type="Area3D" parent="Mannequin/Mannequin/Skeleton3D/Stomach"]
transform = Transform3D(-4.37114e-08, -1, 0, 1, -4.37114e-08, 0, 0, 0, 1, 1.47112e-09, -0.0336554, -0.0353913)
collision_layer = 0
script = ExtResource("3_icqlu")
body_seg = 1

[node name="Shape" type="CollisionShape3D" parent="Mannequin/Mannequin/Skeleton3D/Stomach/StomachArea"]
shape = SubResource("CapsuleShape3D_u53g5")

[node name="Hips" type="BoneAttachment3D" parent="Mannequin/Mannequin/Skeleton3D" index="12"]
transform = Transform3D(1, 0, 0, 0, 1, 0, 0, 0, 1, 6.75702e-08, 0.997919, -4.09133e-07)
bone_name = "mixamorig_Hips"
bone_idx = 0

[node name="HipsArea" type="Area3D" parent="Mannequin/Mannequin/Skeleton3D/Hips"]
transform = Transform3D(-4.37114e-08, -1, 0, 1, -4.37114e-08, 0, 0, 0, 1, 3.86479e-09, 0.0183108, 0.000184305)
collision_layer = 0
script = ExtResource("3_icqlu")
body_seg = 1

[node name="Shape" type="CollisionShape3D" parent="Mannequin/Mannequin/Skeleton3D/Hips/HipsArea"]
shape = SubResource("SphereShape3D_xg4we")

[node name="R_Thigh" type="BoneAttachment3D" parent="Mannequin/Mannequin/Skeleton3D" index="13"]
transform = Transform3D(-1, -1.11322e-09, 1.04258e-11, 1.11322e-09, -1, -7.6177e-10, 1.04258e-11, -7.6177e-10, 1, 0.0912446, 0.931355, 0.000553383)
bone_name = "mixamorig_RightUpLeg"
bone_idx = 60

[node name="ThighArea" type="Area3D" parent="Mannequin/Mannequin/Skeleton3D/R_Thigh"]
transform = Transform3D(-1, 8.74228e-08, 0, -8.74228e-08, -1, 0, 0, 0, 1, -0.0113323, 0.215818, 0.000184305)
collision_layer = 0
script = ExtResource("3_icqlu")
body_seg = 2

[node name="Shape" type="CollisionShape3D" parent="Mannequin/Mannequin/Skeleton3D/R_Thigh/ThighArea"]
shape = SubResource("CapsuleShape3D_m40cq")

[node name="R_Shin" type="BoneAttachment3D" parent="Mannequin/Mannequin/Skeleton3D" index="14"]
transform = Transform3D(1, 1.27148e-09, 4.41438e-11, 1.27148e-09, -1, -2.79373e-09, 4.41438e-11, 2.79373e-09, -1, 0.0936914, 0.5254, 0.00569627)
bone_name = "mixamorig_RightLeg"
bone_idx = 61

[node name="ShinArea" type="Area3D" parent="Mannequin/Mannequin/Skeleton3D/R_Shin"]
transform = Transform3D(-1, 8.71642e-08, -6.71916e-09, -8.74228e-08, -0.997042, 0.0768582, 0, 0.0768582, 0.997042, -0.00363756, 0.20123, -0.0182244)
collision_layer = 0
script = ExtResource("3_icqlu")
body_seg = 2

[node name="Shape" type="CollisionShape3D" parent="Mannequin/Mannequin/Skeleton3D/R_Shin/ShinArea"]
shape = SubResource("CapsuleShape3D_o4b52")

[node name="R_Foot" type="BoneAttachment3D" parent="Mannequin/Mannequin/Skeleton3D" index="15"]
transform = Transform3D(-1, 6.27139e-09, 3.02771e-09, 3.02771e-09, 2.79373e-09, 1, 6.27139e-09, 1, -2.79373e-09, 0.0912447, 0.104921, 0.0263016)
bone_name = "mixamorig_RightFoot"
bone_idx = 62

[node name="FootArea" type="Area3D" parent="Mannequin/Mannequin/Skeleton3D/R_Foot"]
transform = Transform3D(1, 0, 0, 0, 1, 0, 0, 0, 1, -0.0128622, -0.0763761, -0.0497808)
collision_layer = 0
script = ExtResource("3_icqlu")
body_seg = 2

[node name="Shape" type="CollisionShape3D" parent="Mannequin/Mannequin/Skeleton3D/R_Foot/FootArea"]
shape = SubResource("CapsuleShape3D_f7heq")

[node name="L_Thigh" type="BoneAttachment3D" parent="Mannequin/Mannequin/Skeleton3D" index="16"]
transform = Transform3D(-1, -1.41881e-09, 1.4133e-11, 1.41881e-09, -1, 8.15592e-10, 1.4133e-11, 8.15592e-10, 1, -0.0912445, 0.931355, 0.000553351)
bone_name = "mixamorig_LeftUpLeg"
bone_idx = 55

[node name="ThighArea" type="Area3D" parent="Mannequin/Mannequin/Skeleton3D/L_Thigh"]
transform = Transform3D(-1, 8.74228e-08, 0, -8.74228e-08, -1, 0, 0, 0, 1, 0.011, 0.216, 0)
collision_layer = 0
script = ExtResource("3_icqlu")
body_seg = 2

[node name="Shape" type="CollisionShape3D" parent="Mannequin/Mannequin/Skeleton3D/L_Thigh/ThighArea"]
shape = SubResource("CapsuleShape3D_m40cq")

[node name="L_Shin" type="BoneAttachment3D" parent="Mannequin/Mannequin/Skeleton3D" index="17"]
transform = Transform3D(1, -1.0559e-09, -3.59608e-11, -1.0559e-09, -1, 5.14892e-10, -3.59608e-11, -5.14892e-10, -1, -0.0936914, 0.525401, 0.00570952)
bone_name = "mixamorig_LeftLeg"
bone_idx = 56

[node name="ShinArea" type="Area3D" parent="Mannequin/Mannequin/Skeleton3D/L_Shin"]
transform = Transform3D(-1, 8.71642e-08, -6.71916e-09, -8.74228e-08, -0.997042, 0.0768582, 0, 0.0768582, 0.997042, 0.004, 0.201, -0.018)
collision_layer = 0
script = ExtResource("3_icqlu")
body_seg = 2

[node name="Shape" type="CollisionShape3D" parent="Mannequin/Mannequin/Skeleton3D/L_Shin/ShinArea"]
shape = SubResource("CapsuleShape3D_o4b52")

[node name="L_Foot" type="BoneAttachment3D" parent="Mannequin/Mannequin/Skeleton3D" index="18"]
transform = Transform3D(-1, 3.06276e-09, -5.34261e-09, -5.34261e-09, -5.14892e-10, 1, 3.06276e-09, 1, 5.14892e-10, -0.0912447, 0.104922, 0.026301)
bone_name = "mixamorig_LeftFoot"
bone_idx = 57

[node name="FootArea" type="Area3D" parent="Mannequin/Mannequin/Skeleton3D/L_Foot"]
transform = Transform3D(1, 0, 0, 0, 1, 0, 0, 0, 1, 0.013, -0.076, -0.05)
collision_layer = 0
script = ExtResource("3_icqlu")
body_seg = 2

[node name="Shape" type="CollisionShape3D" parent="Mannequin/Mannequin/Skeleton3D/L_Foot/FootArea"]
shape = SubResource("CapsuleShape3D_f7heq")

[node name="Nozzle" type="Node3D" parent="Mannequin"]
transform = Transform3D(1, 0, 0, 0, 1, 0, 0, 0, 1, 0.113881, 1.53917, -1.49362)

[node name="AimHelper" type="Node3D" parent="."]
transform = Transform3D(1, 0, 0, 0, 1, 0, 0, 0, 1, 0, 1.65, 0)

[node name="Camera" type="Camera3D" parent="AimHelper"]
unique_name_in_owner = true
transform = Transform3D(1, 0, 0, 0, 0.97237, 0.233445, 0, -0.233445, 0.97237, 0, 0.5, 0.75)
visible = false
cull_mask = 1048551

[node name="ShootCast" type="RayCast3D" parent="AimHelper"]
visible = false
target_position = Vector3(0, 0, -999)
collision_mask = 9
hit_back_faces = false
collide_with_areas = true

[node name="DmgLbl" type="Node3D" parent="."]
transform = Transform3D(1, 0, 0, 0, 1, 0, 0, 0, 1, 0, 1.88315, 0)

[node name="Voice" type="Node3D" parent="."]
script = ExtResource("9_hj0ir")

[node name="Slapped" type="AudioStreamPlayer3D" parent="."]
stream = ExtResource("10_n02aa")
bus = &"SFX"

[node name="Footsteps" type="Node3D" parent="."]
script = ExtResource("11_ntang")

[node name="Footsteps1" type="AudioStreamPlayer3D" parent="Footsteps"]
stream = ExtResource("12_8kevp")
unit_size = 2.0
max_distance = 3.0
bus = &"SFX"

[node name="Footsteps2" type="AudioStreamPlayer3D" parent="Footsteps"]
stream = ExtResource("13_xgngd")
unit_size = 2.0
max_distance = 3.0
bus = &"SFX"

[node name="Footsteps3" type="AudioStreamPlayer3D" parent="Footsteps"]
stream = ExtResource("14_df48h")
unit_size = 2.0
max_distance = 3.0
bus = &"SFX"

[node name="ScreenNotify" type="VisibleOnScreenNotifier3D" parent="."]
transform = Transform3D(1, 0, 0, 0, 1, 0, 0, 0, 1, 0, 0.856132, -0.101614)
layers = 2
aabb = AABB(-0.4, -0.85, -0.4, 0.8, 1.8, 0.8)

[connection signal="take_damage" from="Mannequin/Mannequin/Skeleton3D/Head/HeadArea" to="." method="take_damage"]
[connection signal="take_damage" from="Mannequin/Mannequin/Skeleton3D/Neck/NeckArea" to="." method="take_damage"]
[connection signal="take_damage" from="Mannequin/Mannequin/Skeleton3D/R_UpperArm/UpperArmArea" to="." method="take_damage"]
[connection signal="take_damage" from="Mannequin/Mannequin/Skeleton3D/R_Forearm/ForearmArea" to="." method="take_damage"]
[connection signal="take_damage" from="Mannequin/Mannequin/Skeleton3D/R_Hand/HandArea" to="." method="take_damage"]
[connection signal="take_damage" from="Mannequin/Mannequin/Skeleton3D/L_UpperArm/UpperArmArea" to="." method="take_damage"]
[connection signal="take_damage" from="Mannequin/Mannequin/Skeleton3D/L_Forearm/ForearmArea" to="." method="take_damage"]
[connection signal="take_damage" from="Mannequin/Mannequin/Skeleton3D/L_Hand/HandArea" to="." method="take_damage"]
[connection signal="take_damage" from="Mannequin/Mannequin/Skeleton3D/Chest/ChestArea" to="." method="take_damage"]
[connection signal="take_damage" from="Mannequin/Mannequin/Skeleton3D/Stomach/StomachArea" to="." method="take_damage"]
[connection signal="take_damage" from="Mannequin/Mannequin/Skeleton3D/Hips/HipsArea" to="." method="take_damage"]
[connection signal="take_damage" from="Mannequin/Mannequin/Skeleton3D/R_Thigh/ThighArea" to="." method="take_damage"]
[connection signal="take_damage" from="Mannequin/Mannequin/Skeleton3D/R_Shin/ShinArea" to="." method="take_damage"]
[connection signal="take_damage" from="Mannequin/Mannequin/Skeleton3D/R_Foot/FootArea" to="." method="take_damage"]
[connection signal="take_damage" from="Mannequin/Mannequin/Skeleton3D/L_Thigh/ThighArea" to="." method="take_damage"]
[connection signal="take_damage" from="Mannequin/Mannequin/Skeleton3D/L_Shin/ShinArea" to="." method="take_damage"]
[connection signal="take_damage" from="Mannequin/Mannequin/Skeleton3D/L_Foot/FootArea" to="." method="take_damage"]
[connection signal="screen_entered" from="ScreenNotify" to="." method="_screen_entered"]
[connection signal="screen_exited" from="ScreenNotify" to="." method="_screen_exited"]

[editable path="Mannequin"]
