[gd_scene load_steps=15 format=3 uid="uid://1s5qidco641t"]

[ext_resource type="Script" path="res://Characters/CharacterBase.gd" id="1_bax7o"]
[ext_resource type="PackedScene" uid="uid://ckqtvo1inhvtn" path="res://Props/Weapons/Slapper/Slapper.tscn" id="2_26305"]
[ext_resource type="PackedScene" uid="uid://bwie7ixf4v1vw" path="res://Props/Weapons/Pistol/Pistol.tscn" id="3_c6pft"]
[ext_resource type="PackedScene" uid="uid://bhxw75oi8yofw" path="res://Props/Weapons/Rifle/Rifle.tscn" id="4_7rqvl"]
[ext_resource type="Script" path="res://Characters/Voice.gd" id="4_8ihun"]
[ext_resource type="PackedScene" uid="uid://dh23vd3s1cpss" path="res://Props/Weapons/SMG/SMG.tscn" id="4_bxvtu"]
[ext_resource type="PackedScene" uid="uid://barsvh0ntyosw" path="res://Props/Weapons/Shotgun/Shotgun.tscn" id="5_gqd55"]
[ext_resource type="AudioStream" uid="uid://dvwslqt03fwb6" path="res://Props/Weapons/Slapper/Slap.ogg" id="5_tm5o4"]
[ext_resource type="PackedScene" uid="uid://bj70y5rv73685" path="res://Characters/PuppetBase.tscn" id="6_7o0ro"]
[ext_resource type="AudioStream" uid="uid://b56r0e1ges6xc" path="res://Characters/Audio/footstep1.ogg" id="9_4go11"]
[ext_resource type="Script" path="res://RandomAudio.gd" id="9_druge"]
[ext_resource type="AudioStream" uid="uid://doju4xf4dtgt" path="res://Characters/Audio/footstep2.ogg" id="10_i4x8w"]
[ext_resource type="AudioStream" uid="uid://cxbr801up84rw" path="res://Characters/Audio/footstep4.ogg" id="12_hl0ln"]

[sub_resource type="CapsuleShape3D" id="CapsuleShape3D_5yxej"]
radius = 0.35
height = 1.8

[node name="CharacterBase" type="CharacterBody3D" groups=["players"]]
collision_layer = 2
collision_mask = 3
platform_floor_layers = 4278190080
script = ExtResource("1_bax7o")

[node name="Collision" type="CollisionShape3D" parent="."]
transform = Transform3D(1, 0, 0, 0, 1, 0, 0, 0, 1, 0, 0.875, 0)
shape = SubResource("CapsuleShape3D_5yxej")

[node name="Weapons" type="Node3D" parent="."]
transform = Transform3D(0.843934, -0.0740116, 0.531317, -0.255393, 0.815558, 0.519268, -0.471752, -0.573922, 0.669375, 0.168324, 1.4644, -0.380939)

[node name="Slapper" parent="Weapons" instance=ExtResource("2_26305")]
transform = Transform3D(-0.224442, -0.501342, 0.835634, -0.399893, 0.829368, 0.390176, -0.888659, -0.246592, -0.386628, 0.00662899, -0.0015403, 0.0135412)
visible = false

[node name="Pistol" parent="Weapons" instance=ExtResource("3_c6pft")]
transform = Transform3D(0.907643, -0.419078, 0.0236713, 0.0267876, 0.00155281, -0.99964, 0.41889, 0.90795, 0.0126354, -0.0382926, -0.0126591, 0.00222373)
visible = false

[node name="SMG" parent="Weapons" instance=ExtResource("4_bxvtu")]
transform = Transform3D(0.898794, -0.438371, 1.11759e-08, 9.31323e-09, -4.48199e-08, -1, 0.438371, 0.898794, -3.81842e-08, -0.033591, -0.0112215, -0.00850368)
visible = false

[node name="Rifle" parent="Weapons" instance=ExtResource("4_7rqvl")]
transform = Transform3D(0.873686, -0.485679, 0.0280673, 0.0243102, -0.0140355, -0.999606, 0.485882, 0.874024, -0.000455644, -0.0376089, -0.0336642, 0.0125195)
visible = false

[node name="Shotgun" parent="Weapons" instance=ExtResource("5_gqd55")]
transform = Transform3D(0.877343, -0.479192, 0.0253764, 0.0240809, -0.00885019, -0.999671, 0.479259, 0.877665, 0.00377468, -0.044263, -0.00856596, 0.0186746)
visible = false

[node name="AimHelper" type="Node3D" parent="."]
transform = Transform3D(1, 0, 0, 0, 1, 0, 0, 0, 1, 0, 1.65, 0)

[node name="Camera" type="Camera3D" parent="AimHelper"]
unique_name_in_owner = true
transform = Transform3D(1, 0, 0, 0, 0.97237, 0.233445, 0, -0.233445, 0.97237, 0, 0.5, 0.75)
cull_mask = 1048551

[node name="ShootCast" type="RayCast3D" parent="AimHelper"]
unique_name_in_owner = true
target_position = Vector3(0, 0, -999)
collision_mask = 9
hit_back_faces = false
collide_with_areas = true

[node name="Puppet" parent="." instance=ExtResource("6_7o0ro")]

[node name="Skeleton3D" parent="Puppet" index="2"]
bones/1/position = Vector3(-8.86871e-10, 0.896997, -0.0641973)
bones/2/rotation = Quaternion(-0.144063, 0.000921169, 0.00238039, 0.989565)
bones/4/rotation = Quaternion(0.082776, 0.0131006, 0.0180995, 0.996318)
bones/5/rotation = Quaternion(-0.0229645, -0.00016208, -0.00108163, 0.999736)
bones/7/rotation = Quaternion(-0.188904, 0.258492, -0.488755, 0.811551)
bones/8/rotation = Quaternion(0.257055, 0.0352194, -0.0500544, 0.964457)
bones/9/rotation = Quaternion(-0.00713207, -0.334706, -0.0182368, 0.942119)
bones/11/rotation = Quaternion(-0.137307, -0.0284082, 0.158393, 0.97737)
bones/12/rotation = Quaternion(-0.0728706, -0.00440988, -0.0389535, 0.996571)
bones/14/rotation = Quaternion(0.0639427, -0.17204, -0.0801641, 0.979738)
bones/15/rotation = Quaternion(0.0688573, 0.146545, 0.0441172, 0.985818)
bones/17/rotation = Quaternion(-0.304477, -0.0307627, 0.277362, 0.910724)
bones/18/rotation = Quaternion(-0.0645516, 0.0977242, -0.0941116, 0.988649)
bones/20/rotation = Quaternion(0.200922, 0.118138, 0.508476, 0.82893)
bones/21/rotation = Quaternion(0.695267, -0.0257651, 0.135378, 0.705417)
bones/22/rotation = Quaternion(0.129893, 0.266941, -0.0648689, 0.952713)
bones/24/rotation = Quaternion(-0.130694, 0.0435441, -0.136979, 0.980948)
bones/25/rotation = Quaternion(-0.0604387, 0.01403, 0.0220205, 0.99783)
bones/27/rotation = Quaternion(0.0954007, 0.161017, 0.105522, 0.976646)
bones/28/rotation = Quaternion(0.0965098, -0.12896, -0.0740878, 0.984158)
bones/30/rotation = Quaternion(-0.521675, -0.384336, 0.592585, 0.478523)
bones/31/rotation = Quaternion(-0.291467, -0.110498, 0.336933, 0.888433)
bones/33/rotation = Quaternion(-0.58945, 0.226892, -0.158186, 0.758977)
bones/34/rotation = Quaternion(-0.0700065, 0.00388547, 0.107256, 0.991756)
bones/35/rotation = Quaternion(0.26307, -0.134615, -0.615985, 0.73023)
bones/36/rotation = Quaternion(0.00495412, -0.00577786, -0.163837, 0.986458)
bones/38/rotation = Quaternion(-0.52982, -0.065655, 0.326628, 0.779932)
bones/39/rotation = Quaternion(-0.120408, -0.00382146, -0.184476, 0.975426)
bones/40/rotation = Quaternion(0.219924, 0.130111, 0.507662, 0.822791)
bones/41/rotation = Quaternion(0.00495411, 0.00577787, 0.163837, 0.986458)

[node name="Head" parent="Puppet/Skeleton3D" index="1"]
transform = Transform3D(-0.999984, -0.00568448, 0.000576548, -0.00570149, 0.986186, -0.165546, 0.00037246, -0.165546, -0.986202, -0.000929618, 1.57637, -0.039572)

[node name="Neck" parent="Puppet/Skeleton3D" index="2"]
transform = Transform3D(-0.999994, -0.00349679, 0.000463206, -0.0035159, 0.977554, -0.210656, 0.000283809, -0.210656, -0.97756, -0.000705173, 1.51362, -0.0260509)

[node name="Chest" parent="Puppet/Skeleton3D" index="3"]
transform = Transform3D(-0.999987, 0.00497662, -0.00113764, 0.00466345, 0.981184, 0.19302, 0.00207682, 0.193012, -0.981194, -1.79347e-09, 1.13516, -0.0868667)

[node name="Stomach" parent="Puppet/Skeleton3D" index="4"]
transform = Transform3D(-1, -3.78941e-09, -3.89234e-07, 3.31093e-08, 0.995501, -0.0947544, 3.87842e-07, -0.0947544, -0.995501, -8.86871e-10, 0.896997, -0.0641973)

[node name="R_UpperArm" parent="Puppet/Skeleton3D" index="5"]
transform = Transform3D(0.984164, 0.171738, -0.0439038, 0.153071, -0.698482, 0.699066, 0.0893901, -0.694715, -0.713709, 0.194475, 1.39702, -0.0333024)

[node name="R_Forearm" parent="Puppet/Skeleton3D" index="6"]
transform = Transform3D(0.963571, -0.266582, -0.0215651, 0.195884, 0.648528, 0.735555, -0.1821, -0.712984, 0.677122, 0.230312, 1.25126, -0.17827)

[node name="R_Hand" parent="Puppet/Skeleton3D" index="7"]
transform = Transform3D(0.843934, -0.0740116, 0.531317, -0.255393, 0.815558, 0.519268, -0.471752, -0.573922, 0.669375, 0.175584, 1.3844, -0.324641)

[node name="GunTransform" parent="Puppet/Skeleton3D/R_Hand" index="1"]
transform = Transform3D(1, 0, 2.98023e-08, 0, 1, -2.98023e-08, 5.96046e-08, 0, 1, 0, 0.0980922, -5.96046e-08)
remote_path = NodePath("../../../../Weapons")

[node name="L_UpperArm" parent="Puppet/Skeleton3D" index="8"]
transform = Transform3D(0.976455, -0.196314, 0.089425, -0.158855, -0.934819, -0.317615, 0.145948, 0.295931, -0.943994, -0.195446, 1.39628, -0.0332453)

[node name="L_Forearm" parent="Puppet/Skeleton3D" index="9"]
transform = Transform3D(0.976163, -0.0134037, 0.216625, -0.0545838, -0.981173, 0.185257, 0.210064, -0.192665, -0.958516, -0.236411, 1.20121, 0.0285072)

[node name="L_Hand" parent="Puppet/Skeleton3D" index="10"]
transform = Transform3D(0.893869, 0.0245439, -0.447656, 0.103597, -0.982785, 0.152976, -0.436195, -0.183117, -0.881024, -0.239163, 0.999781, -0.0110455)

[node name="R_Thigh" parent="Puppet/Skeleton3D" index="11"]
transform = Transform3D(0.486652, 0.059012, 0.871601, -0.28523, -0.932305, 0.222378, 0.82572, -0.356827, -0.436876, 0.0851499, 0.879507, -0.0593682)

[node name="R_Shin" parent="Puppet/Skeleton3D" index="12"]
transform = Transform3D(0.47755, 0.0253622, 0.878238, 0.0803947, -0.996651, -0.0149335, 0.874919, 0.0777372, -0.47799, 0.109944, 0.48779, -0.209293)

[node name="R_Foot" parent="Puppet/Skeleton3D" index="13"]
transform = Transform3D(0.245939, 0.0720784, 0.966602, -0.853541, -0.456465, 0.25121, 0.459327, -0.886817, -0.0507408, 0.11946, 0.11384, -0.180125)

[node name="L_Thigh" parent="Puppet/Skeleton3D" index="14"]
transform = Transform3D(0.496393, -0.0504011, -0.866634, -0.127056, -0.991781, -0.0150964, -0.85875, 0.117605, -0.498717, -0.0851499, 0.879507, -0.0593682)

[node name="L_Shin" parent="Puppet/Skeleton3D" index="15"]
transform = Transform3D(0.493955, -0.0350046, -0.868782, -0.334242, -0.930057, -0.152563, -0.802677, 0.365743, -0.471107, -0.106326, 0.462801, -0.00995534)

[node name="L_Foot" parent="Puppet/Skeleton3D" index="16"]
transform = Transform3D(0.245938, -0.0720761, -0.966602, 0.853542, -0.456465, 0.251209, -0.459326, -0.886817, -0.0507421, -0.11946, 0.113837, 0.127274)

[node name="DmgLbl" type="Node3D" parent="."]
transform = Transform3D(1, 0, 0, 0, 1, 0, 0, 0, 1, 0, 1.88315, 0)

[node name="Voice" type="Node3D" parent="."]
script = ExtResource("4_8ihun")

[node name="Slapped" type="AudioStreamPlayer3D" parent="."]
stream = ExtResource("5_tm5o4")
bus = &"SFX"

[node name="Footsteps" type="Node3D" parent="."]
script = ExtResource("9_druge")

[node name="Footsteps1" type="AudioStreamPlayer3D" parent="Footsteps"]
stream = ExtResource("9_4go11")
unit_size = 2.0
max_distance = 3.0
bus = &"SFX"

[node name="Footsteps2" type="AudioStreamPlayer3D" parent="Footsteps"]
stream = ExtResource("10_i4x8w")
unit_size = 2.0
max_distance = 3.0
bus = &"SFX"

[node name="Footsteps3" type="AudioStreamPlayer3D" parent="Footsteps"]
stream = ExtResource("12_hl0ln")
unit_size = 2.0
max_distance = 3.0
bus = &"SFX"

[connection signal="take_damage" from="Puppet/Skeleton3D/Head/HeadArea" to="." method="take_damage"]
[connection signal="take_damage" from="Puppet/Skeleton3D/Neck/NeckArea" to="." method="take_damage"]
[connection signal="take_damage" from="Puppet/Skeleton3D/Chest/ChestArea" to="." method="take_damage"]
[connection signal="take_damage" from="Puppet/Skeleton3D/Stomach/StomachArea" to="." method="take_damage"]
[connection signal="take_damage" from="Puppet/Skeleton3D/R_UpperArm/R_UpperArmArea" to="." method="take_damage"]
[connection signal="take_damage" from="Puppet/Skeleton3D/R_Forearm/R_ForearmArea" to="." method="take_damage"]
[connection signal="take_damage" from="Puppet/Skeleton3D/R_Hand/R_HandArea" to="." method="take_damage"]
[connection signal="take_damage" from="Puppet/Skeleton3D/L_UpperArm/L_UpperArmArea" to="." method="take_damage"]
[connection signal="take_damage" from="Puppet/Skeleton3D/L_Forearm/L_ForearmArea" to="." method="take_damage"]
[connection signal="take_damage" from="Puppet/Skeleton3D/L_Hand/L_HandArea" to="." method="take_damage"]
[connection signal="take_damage" from="Puppet/Skeleton3D/R_Thigh/R_ThighArea" to="." method="take_damage"]
[connection signal="take_damage" from="Puppet/Skeleton3D/R_Shin/R_ShinArea" to="." method="take_damage"]
[connection signal="take_damage" from="Puppet/Skeleton3D/R_Foot/R_FootArea" to="." method="take_damage"]
[connection signal="take_damage" from="Puppet/Skeleton3D/L_Thigh/L_ThighArea" to="." method="take_damage"]
[connection signal="take_damage" from="Puppet/Skeleton3D/L_Shin/L_ShinArea" to="." method="take_damage"]
[connection signal="take_damage" from="Puppet/Skeleton3D/L_Foot/L_FootArea" to="." method="take_damage"]

[editable path="Weapons/Pistol"]
[editable path="Weapons/Pistol/Mesh"]
[editable path="Weapons/SMG"]
[editable path="Weapons/SMG/Mesh"]
[editable path="Weapons/Rifle"]
[editable path="Weapons/Shotgun"]
[editable path="Puppet"]
