[gd_scene load_steps=28 format=3 uid="uid://65jhlh1xbkow"]

[ext_resource type="Script" path="res://Characters/CharacterBase.gd" id="1_hsiy1"]
[ext_resource type="PackedScene" uid="uid://31u0y7afils0" path="res://Characters/MannyBase.tscn" id="2_5odl3"]
[ext_resource type="PackedScene" uid="uid://ckqtvo1inhvtn" path="res://Props/Weapons/Slapper/Slapper.tscn" id="2_e1vp6"]
[ext_resource type="Script" path="res://Characters/BodySeg.gd" id="3_icqlu"]
[ext_resource type="PackedScene" uid="uid://bwie7ixf4v1vw" path="res://Props/Weapons/Pistol/Pistol.tscn" id="3_igi5e"]
[ext_resource type="PackedScene" uid="uid://dh23vd3s1cpss" path="res://Props/Weapons/SMG/SMG.tscn" id="4_a7f61"]
[ext_resource type="PackedScene" uid="uid://bhxw75oi8yofw" path="res://Props/Weapons/Rifle/Rifle.tscn" id="5_nv5n8"]
[ext_resource type="PackedScene" uid="uid://barsvh0ntyosw" path="res://Props/Weapons/Shotgun/Shotgun.tscn" id="6_8xy63"]
[ext_resource type="PackedScene" uid="uid://dlgv171g6as4t" path="res://Props/Weapons/Sniper/Sniper.tscn" id="7_rtaje"]
[ext_resource type="Script" path="res://Characters/Multiplayer/Voice.gd" id="9_hj0ir"]
[ext_resource type="AudioStream" uid="uid://dvwslqt03fwb6" path="res://Props/Weapons/Slapper/Slap.ogg" id="10_n02aa"]
[ext_resource type="Script" path="res://Utilities/RandomAudio.gd" id="11_ntang"]
[ext_resource type="AudioStream" uid="uid://b56r0e1ges6xc" path="res://Characters/Audio/footstep1.ogg" id="12_8kevp"]
[ext_resource type="AudioStream" uid="uid://doju4xf4dtgt" path="res://Characters/Audio/footstep2.ogg" id="13_xgngd"]
[ext_resource type="AudioStream" uid="uid://cxbr801up84rw" path="res://Characters/Audio/footstep4.ogg" id="14_df48h"]

[sub_resource type="CapsuleShape3D" id="CapsuleShape3D_5yxej"]
radius = 0.35
height = 1.8

[sub_resource type="CapsuleShape3D" id="CapsuleShape3D_ybita"]
radius = 0.125353
height = 0.334341

[sub_resource type="CylinderShape3D" id="CylinderShape3D_5nwuk"]
height = 0.138583
radius = 0.0660403

[sub_resource type="CapsuleShape3D" id="CapsuleShape3D_o0x7p"]
radius = 0.0453571
height = 0.38388

[sub_resource type="CapsuleShape3D" id="CapsuleShape3D_3mg8s"]
radius = 0.0347808
height = 0.343902

[sub_resource type="BoxShape3D" id="BoxShape3D_q006a"]
size = Vector3(0.0859375, 0.104492, 0.0412598)

[sub_resource type="CapsuleShape3D" id="CapsuleShape3D_33ikk"]
radius = 0.160307
height = 0.420551

[sub_resource type="CapsuleShape3D" id="CapsuleShape3D_u53g5"]
radius = 0.14963
height = 0.328408

[sub_resource type="SphereShape3D" id="SphereShape3D_xg4we"]
radius = 0.188636

[sub_resource type="CapsuleShape3D" id="CapsuleShape3D_m40cq"]
radius = 0.0927534
height = 0.444452

[sub_resource type="CapsuleShape3D" id="CapsuleShape3D_o4b52"]
radius = 0.0572174
height = 0.524105

[sub_resource type="CapsuleShape3D" id="CapsuleShape3D_f7heq"]
radius = 0.0600865
height = 0.305106

[node name="CharacterBase" type="CharacterBody3D" groups=["players"]]
collision_layer = 2
collision_mask = 3
platform_floor_layers = 4278190080
script = ExtResource("1_hsiy1")

[node name="Collision" type="CollisionShape3D" parent="."]
transform = Transform3D(1, 0, 0, 0, 1, 0, 0, 0, 1, 0, 0.9, 0)
visible = false
shape = SubResource("CapsuleShape3D_5yxej")

[node name="Mannequin" parent="." instance=ExtResource("2_5odl3")]

[node name="Skeleton3D" parent="Mannequin/Mannequin" index="0"]
show_rest_only = false
bones/0/position = Vector3(-5.98776e-06, 0.965942, 7.20504e-06)
bones/0/rotation = Quaternion(-8.68664e-05, -2.73902e-16, 3.54008e-15, 1)
bones/8/rotation = Quaternion(3.63016e-08, 0.764342, 0.644811, -8.36621e-09)
bones/9/rotation = Quaternion(0.220233, -0.671936, 0.220233, 0.671936)
bones/10/rotation = Quaternion(-0.0942288, 0.7008, 0.0942288, 0.7008)
bones/11/rotation = Quaternion(-0.214187, 0.673887, 0.214187, 0.673887)
bones/12/rotation = Quaternion(-1.49011e-08, 0, 0, 1)
bones/33/rotation = Quaternion(0.204459, 0.676902, -0.204459, 0.676902)
bones/34/rotation = Quaternion(-0.117357, -0.6973, -0.117357, 0.6973)
bones/35/rotation = Quaternion(-0.214187, -0.673887, -0.214187, 0.673887)
bones/36/rotation = Quaternion(-1.49011e-08, 0, 0, 1)
bones/55/rotation = Quaternion(0.0156145, -0.200473, 0.979132, 0.0294358)
bones/56/rotation = Quaternion(0.000662227, 0.978408, 0.205776, -0.0193114)
bones/57/rotation = Quaternion(0.0585379, 0.690353, -0.71847, 0.0615417)
bones/58/rotation = Quaternion(-0.00623318, 0.985972, -0.164252, -0.0290262)
bones/60/rotation = Quaternion(0.00460972, 0.0583531, 0.99792, -0.0269888)
bones/61/rotation = Quaternion(0.000631291, 0.993847, 0.109712, -0.0151826)
bones/62/rotation = Quaternion(-0.074231, 0.787418, -0.609413, -0.0554952)
bones/63/rotation = Quaternion(0.0102053, 0.992904, -0.117413, 0.0158727)

[node name="Head" type="BoneAttachment3D" parent="Mannequin/Mannequin/Skeleton3D" index="2"]
transform = Transform3D(1, 1.45448e-11, 1.69982e-13, -1.45449e-11, 1, 0.000173733, -1.67455e-13, -0.000173733, 1, 3.84991e-05, 1.56878, 0.00331055)
bone_name = "mixamorig_Head"
bone_idx = 5

[node name="HeadArea" type="Area3D" parent="Mannequin/Mannequin/Skeleton3D/Head"]
transform = Transform3D(1, 0, 0, 0, 0.912034, -0.410114, 0, 0.410114, 0.912034, 0, 0.067727, -0.0138693)
collision_layer = 0
script = ExtResource("3_icqlu")

[node name="Shape" type="CollisionShape3D" parent="Mannequin/Mannequin/Skeleton3D/Head/HeadArea"]
shape = SubResource("CapsuleShape3D_ybita")

[node name="Neck" type="BoneAttachment3D" parent="Mannequin/Mannequin/Skeleton3D" index="3"]
transform = Transform3D(1, 1.45448e-11, -5.48419e-16, -1.45448e-11, 1, 0.000173733, 3.07534e-15, -0.000173733, 1, 2.9472e-05, 1.46556, 0.0347528)
bone_name = "mixamorig_Neck"
bone_idx = 4

[node name="NeckArea" type="Area3D" parent="Mannequin/Mannequin/Skeleton3D/Neck"]
transform = Transform3D(1, 0, 0, 0, 0.978053, 0.208356, 0, -0.208356, 0.978053, 0, 0.0442795, -0.0144586)
collision_layer = 0
script = ExtResource("3_icqlu")

[node name="Shape" type="CollisionShape3D" parent="Mannequin/Mannequin/Skeleton3D/Neck/NeckArea"]
shape = SubResource("CylinderShape3D_5nwuk")

[node name="R_UpperArm" type="BoneAttachment3D" parent="Mannequin/Mannequin/Skeleton3D" index="4"]
transform = Transform3D(-1.49021e-08, -0.264126, -0.964488, 0.000173733, 0.964488, -0.264126, 1, -0.000167567, 4.58731e-05, 0.187632, 1.40367, 0.0616458)
bone_name = "mixamorig_RightArm"
bone_idx = 32

[node name="UpperArmArea" type="Area3D" parent="Mannequin/Mannequin/Skeleton3D/R_UpperArm"]
transform = Transform3D(1, 0, 0, 0, 1, 0, 0, 0, 1, 0, -0.123637, 0)
collision_layer = 0
script = ExtResource("3_icqlu")
body_seg = 2

[node name="Shape" type="CollisionShape3D" parent="Mannequin/Mannequin/Skeleton3D/R_UpperArm/UpperArmArea"]
shape = SubResource("CapsuleShape3D_o0x7p")

[node name="R_Forearm" type="BoneAttachment3D" parent="Mannequin/Mannequin/Skeleton3D" index="5"]
transform = Transform3D(0.964488, -0.219961, 0.146219, 0.264126, 0.803308, -0.533791, -4.58731e-05, 0.553455, 0.832879, 0.259992, 1.13935, 0.0616916)
bone_name = "mixamorig_RightForeArm"
bone_idx = 33

[node name="ForearmArea" type="Area3D" parent="Mannequin/Mannequin/Skeleton3D/R_Forearm"]
transform = Transform3D(1, 0, 0, 0, 1, 0, 0, 0, 1, 0, -0.135827, 0)
collision_layer = 0
script = ExtResource("3_icqlu")
body_seg = 2

[node name="Shape" type="CollisionShape3D" parent="Mannequin/Mannequin/Skeleton3D/R_Forearm/ForearmArea"]
shape = SubResource("CapsuleShape3D_3mg8s")

[node name="R_Hand" type="BoneAttachment3D" parent="Mannequin/Mannequin/Skeleton3D" index="6"]
transform = Transform3D(0.146219, 0.107865, -0.983354, -0.533791, 0.845511, 0.0133733, 0.832879, 0.52295, 0.181207, 0.32071, 0.917515, -0.0911426)
bone_name = "mixamorig_RightHand"
bone_idx = 34

[node name="HandArea" type="Area3D" parent="Mannequin/Mannequin/Skeleton3D/R_Hand"]
transform = Transform3D(1, 0, 0, 0, 1, 0, 0, 0, 1, 0.00174178, -0.0687678, 0)
collision_layer = 0
script = ExtResource("3_icqlu")
body_seg = 2

[node name="Shape" type="CollisionShape3D" parent="Mannequin/Mannequin/Skeleton3D/R_Hand/HandArea"]
shape = SubResource("BoxShape3D_q006a")

[node name="Weapons" type="Node3D" parent="Mannequin/Mannequin/Skeleton3D/R_Hand"]
unique_name_in_owner = true
transform = Transform3D(0.999928, 0, 0, 0, 0.999944, 0, 0, 0, 0.999984, 0, 0, 0)

[node name="Slapper" parent="Mannequin/Mannequin/Skeleton3D/R_Hand/Weapons" instance=ExtResource("2_e1vp6")]
transform = Transform3D(1.00007, 0, 0, 0, 1.00006, 0, 0, 0, 1.00002, 0, 0, 0)
visible = false

[node name="Pistol" parent="Mannequin/Mannequin/Skeleton3D/R_Hand/Weapons" instance=ExtResource("3_igi5e")]
transform = Transform3D(0.036594, -0.986953, 0.157254, -0.017773, 0.15669, 0.987544, -0.999188, -0.0389287, -0.0118059, -0.00954588, -0.083788, 0.0260225)
visible = false

[node name="SMG" parent="Mannequin/Mannequin/Skeleton3D/R_Hand/Weapons" instance=ExtResource("4_a7f61")]
transform = Transform3D(1.00007, 0, 0, 0, 1.00006, 0, 0, 0, 1.00002, 0, 0, 0)
visible = false

[node name="Rifle" parent="Mannequin/Mannequin/Skeleton3D/R_Hand/Weapons" instance=ExtResource("5_nv5n8")]
transform = Transform3D(-4.37145e-08, -0.959412, 0.282262, 0, 0.282257, 0.959398, -1.00002, 4.19349e-08, -1.23374e-08, 0.0130894, -0.0986374, 0.0279723)
visible = false

[node name="Shotgun" parent="Mannequin/Mannequin/Skeleton3D/R_Hand/Weapons" instance=ExtResource("6_8xy63")]
transform = Transform3D(1.00007, 0, 0, 0, 1.00006, 0, 0, 0, 1.00002, 0, 0, 0)
visible = false

[node name="Sniper" parent="Mannequin/Mannequin/Skeleton3D/R_Hand/Weapons" instance=ExtResource("7_rtaje")]
transform = Transform3D(1.00007, 0, 0, 0, 1.00006, 0, 0, 0, 1.00002, 0, 0, 0)
visible = false

[node name="L_UpperArm" type="BoneAttachment3D" parent="Mannequin/Mannequin/Skeleton3D" index="7"]
transform = Transform3D(4.47044e-08, 0.168438, 0.985712, -0.000173673, 0.985712, -0.168437, -1, -0.000171184, 2.92972e-05, -0.187585, 1.4037, 0.0616464)
bone_name = "mixamorig_LeftArm"
bone_idx = 8

[node name="UpperArmArea" type="Area3D" parent="Mannequin/Mannequin/Skeleton3D/L_UpperArm"]
transform = Transform3D(1, 0, 0, 0, 1, 0, 0, 0, 1, 0, -0.123637, 0)
collision_layer = 0
script = ExtResource("3_icqlu")
body_seg = 2

[node name="Shape" type="CollisionShape3D" parent="Mannequin/Mannequin/Skeleton3D/L_UpperArm/UpperArmArea"]
shape = SubResource("CapsuleShape3D_o0x7p")

[node name="L_Forearm" type="BoneAttachment3D" parent="Mannequin/Mannequin/Skeleton3D" index="8"]
transform = Transform3D(0.985712, 0.135759, -0.0997033, -0.168437, 0.794577, -0.583332, 2.92972e-05, 0.591791, 0.806091, -0.233769, 1.13358, 0.0616934)
bone_name = "mixamorig_LeftForeArm"
bone_idx = 9

[node name="ForearmArea" type="Area3D" parent="Mannequin/Mannequin/Skeleton3D/L_Forearm"]
transform = Transform3D(1, 0, 0, 0, 1, 0, 0, 0, 1, 0, -0.135827, 0)
collision_layer = 0
script = ExtResource("3_icqlu")
body_seg = 2

[node name="Shape" type="CollisionShape3D" parent="Mannequin/Mannequin/Skeleton3D/L_Forearm/ForearmArea"]
shape = SubResource("CapsuleShape3D_3mg8s")

[node name="L_Hand" type="BoneAttachment3D" parent="Mannequin/Mannequin/Skeleton3D" index="9"]
transform = Transform3D(0.0997033, -0.129431, 0.986563, 0.583332, 0.810848, 0.0474262, -0.806091, 0.570765, 0.156345, -0.271282, 0.914163, -0.101727)
bone_name = "mixamorig_LeftHand"
bone_idx = 10

[node name="HandArea" type="Area3D" parent="Mannequin/Mannequin/Skeleton3D/L_Hand"]
transform = Transform3D(1, 0, 0, 0, 1, 0, 0, 0, 1, 0.00174178, -0.0687678, 0)
collision_layer = 0
script = ExtResource("3_icqlu")
body_seg = 2

[node name="Shape" type="CollisionShape3D" parent="Mannequin/Mannequin/Skeleton3D/L_Hand/HandArea"]
shape = SubResource("BoxShape3D_q006a")

[node name="Chest" type="BoneAttachment3D" parent="Mannequin/Mannequin/Skeleton3D" index="10"]
transform = Transform3D(1, -7.08011e-15, -5.48419e-16, 7.0802e-15, 1, 0.000173733, 5.47189e-16, -0.000173733, 1, 1.65296e-05, 1.31524, 0.0427079)
bone_name = "mixamorig_Spine2"
bone_idx = 3

[node name="ChestArea" type="Area3D" parent="Mannequin/Mannequin/Skeleton3D/Chest"]
transform = Transform3D(1, 0, 0, 0, 0.943605, -0.331074, 0, 0.331074, 0.943605, 0, 0.00574178, -0.0423572)
collision_layer = 0
script = ExtResource("3_icqlu")
body_seg = 1

[node name="Shape" type="CollisionShape3D" parent="Mannequin/Mannequin/Skeleton3D/Chest/ChestArea"]
shape = SubResource("CapsuleShape3D_33ikk")

[node name="Stomach" type="BoneAttachment3D" parent="Mannequin/Mannequin/Skeleton3D" index="11"]
transform = Transform3D(1, -7.08011e-15, -5.48419e-16, 7.0802e-15, 1, 0.000173733, 5.47189e-16, -0.000173733, 1, 5.70928e-06, 1.18164, 0.0264665)
bone_name = "mixamorig_Spine1"
bone_idx = 2

[node name="StomachArea" type="Area3D" parent="Mannequin/Mannequin/Skeleton3D/Stomach"]
transform = Transform3D(-4.37114e-08, -1, 0, 1, -4.37114e-08, 0, 0, 0, 1, 1.47112e-09, -0.0336554, -0.0353913)
collision_layer = 0
script = ExtResource("3_icqlu")
body_seg = 1

[node name="Shape" type="CollisionShape3D" parent="Mannequin/Mannequin/Skeleton3D/Stomach/StomachArea"]
shape = SubResource("CapsuleShape3D_u53g5")

[node name="Hips" type="BoneAttachment3D" parent="Mannequin/Mannequin/Skeleton3D" index="12"]
transform = Transform3D(1, -7.08011e-15, -5.48419e-16, 7.0802e-15, 1, 0.000173733, 5.47189e-16, -0.000173733, 1, -5.98776e-06, 0.965942, 7.20504e-06)
bone_name = "mixamorig_Hips"
bone_idx = 0

[node name="HipsArea" type="Area3D" parent="Mannequin/Mannequin/Skeleton3D/Hips"]
transform = Transform3D(-4.37114e-08, -1, 0, 1, -4.37114e-08, 0, 0, 0, 1, 3.86479e-09, 0.0183108, 0.000184305)
collision_layer = 0
script = ExtResource("3_icqlu")
body_seg = 1

[node name="Shape" type="CollisionShape3D" parent="Mannequin/Mannequin/Skeleton3D/Hips/HipsArea"]
shape = SubResource("SphereShape3D_xg4we")

[node name="R_Thigh" type="BoneAttachment3D" parent="Mannequin/Mannequin/Skeleton3D" index="13"]
transform = Transform3D(-0.998501, 0.0544033, 0.00605052, -0.0533251, -0.991713, 0.116885, 0.0123593, 0.116387, 0.993127, 0.0912385, 0.899378, 0.000572561)
bone_name = "mixamorig_RightUpLeg"
bone_idx = 60

[node name="ThighArea" type="Area3D" parent="Mannequin/Mannequin/Skeleton3D/R_Thigh"]
transform = Transform3D(-1, 8.74228e-08, 0, -8.74228e-08, -1, 0, 0, 0, 1, -0.0113323, 0.215818, 0.000184305)
collision_layer = 0
script = ExtResource("3_icqlu")
body_seg = 2

[node name="Shape" type="CollisionShape3D" parent="Mannequin/Mannequin/Skeleton3D/R_Thigh/ThighArea"]
shape = SubResource("CapsuleShape3D_m40cq")

[node name="R_Shin" type="BoneAttachment3D" parent="Mannequin/Mannequin/Skeleton3D" index="14"]
transform = Transform3D(0.99811, 0.0498335, 0.0359577, 0.0589035, -0.942596, -0.328701, 0.0175132, 0.330197, -0.94375, 0.115798, 0.497518, 0.0528978)
bone_name = "mixamorig_RightLeg"
bone_idx = 61

[node name="ShinArea" type="Area3D" parent="Mannequin/Mannequin/Skeleton3D/R_Shin"]
transform = Transform3D(-1, 8.71642e-08, -6.71916e-09, -8.74228e-08, -0.997042, 0.0768582, 0, 0.0768582, 0.997042, -0.00363756, 0.20123, -0.0182244)
collision_layer = 0
script = ExtResource("3_icqlu")
body_seg = 2

[node name="Shape" type="CollisionShape3D" parent="Mannequin/Mannequin/Skeleton3D/R_Shin/ShinArea"]
shape = SubResource("CapsuleShape3D_o4b52")

[node name="R_Foot" type="BoneAttachment3D" parent="Mannequin/Mannequin/Skeleton3D" index="15"]
transform = Transform3D(-0.977022, -0.206135, -0.0541921, -0.069923, 0.0698051, 0.995107, -0.201344, 0.976031, -0.0826147, 0.133569, 0.107806, 0.211142)
bone_name = "mixamorig_RightFoot"
bone_idx = 62

[node name="FootArea" type="Area3D" parent="Mannequin/Mannequin/Skeleton3D/R_Foot"]
transform = Transform3D(1, 0, 0, 0, 1, 0, 0, 0, 1, -0.0128622, -0.0763761, -0.0497808)
collision_layer = 0
script = ExtResource("3_icqlu")
body_seg = 2

[node name="Shape" type="CollisionShape3D" parent="Mannequin/Mannequin/Skeleton3D/R_Foot/FootArea"]
shape = SubResource("CapsuleShape3D_f7heq")

[node name="L_Thigh" type="BoneAttachment3D" parent="Mannequin/Mannequin/Skeleton3D" index="16"]
transform = Transform3D(-0.997779, -0.0639036, 0.0187751, 0.0513899, -0.917956, -0.393339, 0.0423705, -0.3915, 0.919202, -0.0912506, 0.899378, 0.000572529)
bone_name = "mixamorig_LeftUpLeg"
bone_idx = 55

[node name="ThighArea" type="Area3D" parent="Mannequin/Mannequin/Skeleton3D/L_Thigh"]
transform = Transform3D(-1, 8.74228e-08, 0, -8.74228e-08, -1, 0, 0, 0, 1, 0.011, 0.216, 0)
collision_layer = 0
script = ExtResource("3_icqlu")
body_seg = 2

[node name="Shape" type="CollisionShape3D" parent="Mannequin/Mannequin/Skeleton3D/L_Thigh/ThighArea"]
shape = SubResource("CapsuleShape3D_m40cq")

[node name="L_Shin" type="BoneAttachment3D" parent="Mannequin/Mannequin/Skeleton3D" index="17"]
transform = Transform3D(0.998174, -0.0601551, -0.00547144, -0.0602165, -0.998115, -0.0118465, -0.00474849, 0.0121544, -0.999915, -0.119537, 0.524827, -0.153515)
bone_name = "mixamorig_LeftLeg"
bone_idx = 56

[node name="ShinArea" type="Area3D" parent="Mannequin/Mannequin/Skeleton3D/L_Shin"]
transform = Transform3D(-1, 8.71642e-08, -6.71916e-09, -8.74228e-08, -0.997042, 0.0768582, 0, 0.0768582, 0.997042, 0.004, 0.201, -0.018)
collision_layer = 0
script = ExtResource("3_icqlu")
body_seg = 2

[node name="Shape" type="CollisionShape3D" parent="Mannequin/Mannequin/Skeleton3D/L_Shin/ShinArea"]
shape = SubResource("CapsuleShape3D_o4b52")

[node name="L_Foot" type="BoneAttachment3D" parent="Mannequin/Mannequin/Skeleton3D" index="18"]
transform = Transform3D(-0.98239, 0.176696, 0.0607425, 0.0689446, 0.0406509, 0.996792, 0.17366, 0.983426, -0.0521173, -0.142276, 0.105238, -0.127827)
bone_name = "mixamorig_LeftFoot"
bone_idx = 57

[node name="FootArea" type="Area3D" parent="Mannequin/Mannequin/Skeleton3D/L_Foot"]
transform = Transform3D(1, 0, 0, 0, 1, 0, 0, 0, 1, 0.013, -0.076, -0.05)
collision_layer = 0
script = ExtResource("3_icqlu")
body_seg = 2

[node name="Shape" type="CollisionShape3D" parent="Mannequin/Mannequin/Skeleton3D/L_Foot/FootArea"]
shape = SubResource("CapsuleShape3D_f7heq")

[node name="AnimTree" parent="Mannequin" index="2"]
parameters/Lower/RunIdle/blend_position = Vector2(0.000971794, 0)

[node name="AimHelper" type="Node3D" parent="."]
transform = Transform3D(1, 0, 0, 0, 1, 0, 0, 0, 1, 0, 1.65, 0)

[node name="Camera" type="Camera3D" parent="AimHelper"]
unique_name_in_owner = true
transform = Transform3D(1, 0, 0, 0, 0.97237, 0.233445, 0, -0.233445, 0.97237, 0, 0.5, 0.75)
visible = false
cull_mask = 1048551

[node name="ShootCast" type="RayCast3D" parent="AimHelper"]
unique_name_in_owner = true
visible = false
target_position = Vector3(0, 0, -999)
collision_mask = 9
hit_back_faces = false
collide_with_areas = true

[node name="DmgLbl" type="Node3D" parent="."]
transform = Transform3D(1, 0, 0, 0, 1, 0, 0, 0, 1, 0, 1.88315, 0)

[node name="Voice" type="Node3D" parent="."]
script = ExtResource("9_hj0ir")

[node name="Slapped" type="AudioStreamPlayer3D" parent="."]
stream = ExtResource("10_n02aa")
bus = &"SFX"

[node name="Footsteps" type="Node3D" parent="."]
script = ExtResource("11_ntang")

[node name="Footsteps1" type="AudioStreamPlayer3D" parent="Footsteps"]
stream = ExtResource("12_8kevp")
unit_size = 2.0
max_distance = 3.0
bus = &"SFX"

[node name="Footsteps2" type="AudioStreamPlayer3D" parent="Footsteps"]
stream = ExtResource("13_xgngd")
unit_size = 2.0
max_distance = 3.0
bus = &"SFX"

[node name="Footsteps3" type="AudioStreamPlayer3D" parent="Footsteps"]
stream = ExtResource("14_df48h")
unit_size = 2.0
max_distance = 3.0
bus = &"SFX"

[connection signal="take_damage" from="Mannequin/Mannequin/Skeleton3D/Head/HeadArea" to="." method="take_damage"]
[connection signal="take_damage" from="Mannequin/Mannequin/Skeleton3D/Neck/NeckArea" to="." method="take_damage"]
[connection signal="take_damage" from="Mannequin/Mannequin/Skeleton3D/R_UpperArm/UpperArmArea" to="." method="take_damage"]
[connection signal="take_damage" from="Mannequin/Mannequin/Skeleton3D/R_Forearm/ForearmArea" to="." method="take_damage"]
[connection signal="take_damage" from="Mannequin/Mannequin/Skeleton3D/R_Hand/HandArea" to="." method="take_damage"]
[connection signal="take_damage" from="Mannequin/Mannequin/Skeleton3D/L_UpperArm/UpperArmArea" to="." method="take_damage"]
[connection signal="take_damage" from="Mannequin/Mannequin/Skeleton3D/L_Forearm/ForearmArea" to="." method="take_damage"]
[connection signal="take_damage" from="Mannequin/Mannequin/Skeleton3D/L_Hand/HandArea" to="." method="take_damage"]
[connection signal="take_damage" from="Mannequin/Mannequin/Skeleton3D/Chest/ChestArea" to="." method="take_damage"]
[connection signal="take_damage" from="Mannequin/Mannequin/Skeleton3D/Stomach/StomachArea" to="." method="take_damage"]
[connection signal="take_damage" from="Mannequin/Mannequin/Skeleton3D/Hips/HipsArea" to="." method="take_damage"]
[connection signal="take_damage" from="Mannequin/Mannequin/Skeleton3D/R_Thigh/ThighArea" to="." method="take_damage"]
[connection signal="take_damage" from="Mannequin/Mannequin/Skeleton3D/R_Shin/ShinArea" to="." method="take_damage"]
[connection signal="take_damage" from="Mannequin/Mannequin/Skeleton3D/R_Foot/FootArea" to="." method="take_damage"]
[connection signal="take_damage" from="Mannequin/Mannequin/Skeleton3D/L_Thigh/ThighArea" to="." method="take_damage"]
[connection signal="take_damage" from="Mannequin/Mannequin/Skeleton3D/L_Shin/ShinArea" to="." method="take_damage"]
[connection signal="take_damage" from="Mannequin/Mannequin/Skeleton3D/L_Foot/FootArea" to="." method="take_damage"]

[editable path="Mannequin"]
