[gd_scene load_steps=16 format=3 uid="uid://1s5qidco641t"]

[ext_resource type="Script" path="res://Characters/CharacterBase.gd" id="1_bax7o"]
[ext_resource type="PackedScene" uid="uid://cmdilq5ptgg8g" path="res://Characters/PuppetBase.tscn" id="2_1bt1c"]
[ext_resource type="PackedScene" uid="uid://ckqtvo1inhvtn" path="res://Props/Weapons/Slapper/Slapper.tscn" id="2_26305"]
[ext_resource type="PackedScene" uid="uid://bwie7ixf4v1vw" path="res://Props/Weapons/Pistol/Pistol.tscn" id="3_c6pft"]
[ext_resource type="PackedScene" uid="uid://bhxw75oi8yofw" path="res://Props/Weapons/Rifle/Rifle.tscn" id="4_7rqvl"]
[ext_resource type="Script" path="res://Characters/Voice.gd" id="4_8ihun"]
[ext_resource type="PackedScene" uid="uid://barsvh0ntyosw" path="res://Props/Weapons/Shotgun/Shotgun.tscn" id="5_gqd55"]
[ext_resource type="AudioStream" uid="uid://dvwslqt03fwb6" path="res://Props/Weapons/Slapper/Slap.ogg" id="5_tm5o4"]
[ext_resource type="AudioStream" uid="uid://b56r0e1ges6xc" path="res://Characters/Audio/footstep1.ogg" id="9_4go11"]
[ext_resource type="Script" path="res://RandomAudio.gd" id="9_druge"]
[ext_resource type="AudioStream" uid="uid://doju4xf4dtgt" path="res://Characters/Audio/footstep2.ogg" id="10_i4x8w"]
[ext_resource type="AudioStream" uid="uid://brbwtdst5aopq" path="res://Characters/Audio/footstep3.ogg" id="11_ccipe"]
[ext_resource type="AudioStream" uid="uid://cxbr801up84rw" path="res://Characters/Audio/footstep4.ogg" id="12_hl0ln"]

[sub_resource type="CapsuleShape3D" id="CapsuleShape3D_5yxej"]
radius = 0.35
height = 1.8

[sub_resource type="StandardMaterial3D" id="StandardMaterial3D_ulpgl"]
albedo_color = Color(0.839216, 0.6, 0.466667, 1)
subsurf_scatter_enabled = true
subsurf_scatter_strength = 1.0
subsurf_scatter_skin_mode = true

[node name="CharacterBase" type="CharacterBody3D" groups=["players"]]
collision_layer = 2
collision_mask = 3
platform_floor_layers = 4278190080
script = ExtResource("1_bax7o")

[node name="Collision" type="CollisionShape3D" parent="."]
transform = Transform3D(1, 0, 0, 0, 1, 0, 0, 0, 1, 0, 0.875, 0)
shape = SubResource("CapsuleShape3D_5yxej")

[node name="Weapons" type="Node3D" parent="."]
transform = Transform3D(-0.279955, -0.251827, -0.926396, -0.399901, 0.907865, -0.12594, 0.872757, 0.335209, -0.354867, 0.115296, 1.30545, -0.316527)

[node name="Slapper" parent="Weapons" instance=ExtResource("2_26305")]
transform = Transform3D(-0.224442, -0.501342, 0.835634, -0.399893, 0.829368, 0.390176, -0.888659, -0.246592, -0.386628, 0.00662899, -0.0015403, 0.0135412)
visible = false

[node name="Pistol" parent="Weapons" instance=ExtResource("3_c6pft")]
transform = Transform3D(-0.251316, -0.445546, 0.859261, -0.304137, 0.87914, 0.366899, -0.918881, -0.169126, -0.356449, -0.0750129, -0.0176662, 0.0586265)
visible = false

[node name="Rifle" parent="Weapons" instance=ExtResource("4_7rqvl")]
transform = Transform3D(-0.277545, -0.400644, 0.873187, -0.250446, 0.90764, 0.336847, -0.927494, -0.125196, -0.35225, -0.0631537, -0.00211084, 0.0455215)
visible = false

[node name="Shotgun" parent="Weapons" instance=ExtResource("5_gqd55")]
transform = Transform3D(-0.280149, -0.40288, 0.871323, -0.249981, 0.906971, 0.338989, -0.926837, -0.122847, -0.3548, -0.0860773, 0.00929606, 0.0509185)
visible = false

[node name="AimHelper" type="Node3D" parent="."]
transform = Transform3D(1, 0, 0, 0, 1, 0, 0, 0, 1, 0, 1.65, 0)

[node name="Camera" type="Camera3D" parent="AimHelper"]
unique_name_in_owner = true
transform = Transform3D(1, 0, 0, 0, 1, 0, 0, 0, 1, 0, 0, -0.210124)
cull_mask = 1048567

[node name="ShootCast" type="RayCast3D" parent="AimHelper"]
unique_name_in_owner = true
target_position = Vector3(0, 0, -999)
collision_mask = 9
hit_back_faces = false
collide_with_areas = true

[node name="PuppetBase" parent="." instance=ExtResource("2_1bt1c")]
transform = Transform3D(1, 0, 0, 0, 1, 0, 0, 0, 1, 0, 0, 0.0529786)

[node name="Skeleton" parent="PuppetBase" index="2"]
bones/1/position = Vector3(1.61993e-09, 0.87931, -0.0641973)
bones/2/rotation = Quaternion(-0.270428, 2.46107e-06, -3.26297e-07, 0.96274)
bones/4/rotation = Quaternion(0.182296, -5.90411e-09, 1.67616e-08, 0.983244)
bones/5/rotation = Quaternion(0.105843, -1.43163e-09, -1.66545e-11, 0.994383)
bones/7/rotation = Quaternion(0.591682, 0.643408, -0.175716, -0.452839)
bones/8/rotation = Quaternion(-0.00913145, -0.715574, -0.00887866, 0.69842)
bones/9/rotation = Quaternion(-0.643228, 0.733585, -0.122757, 0.181774)
bones/10/rotation = Quaternion(2.38419e-07, -2.98023e-08, -1.19209e-07, 1)
bones/11/rotation = Quaternion(0.00271381, -0.255441, 0.044515, 0.965795)
bones/12/rotation = Quaternion(-0.272552, -0.455981, -0.0670652, 0.844571)
bones/14/rotation = Quaternion(-0.049032, -0.261497, 0.0947445, 0.959291)
bones/15/rotation = Quaternion(-0.258924, -0.444884, 0.113674, 0.849773)
bones/16/rotation = Quaternion(-0.214187, 0.673887, 0.214187, 0.673887)
bones/17/rotation = Quaternion(0.198748, 0.173299, 0.00706563, 0.964581)
bones/18/rotation = Quaternion(0.0789544, 0.210591, 0.0199645, 0.974176)
bones/20/rotation = Quaternion(-0.25497, 0.949794, -0.0568824, 0.172177)
bones/21/rotation = Quaternion(0.348025, 0.197994, -0.338309, 0.851601)
bones/22/rotation = Quaternion(-0.546247, -0.671555, 0.404191, 0.295396)
bones/23/rotation = Quaternion(5.96046e-08, -5.96046e-08, 1.78814e-07, 1)
bones/24/rotation = Quaternion(-0.20883, 0.386756, -0.0108419, 0.898161)
bones/25/rotation = Quaternion(-0.308406, 0.646145, -0.0907914, 0.692199)
bones/27/rotation = Quaternion(-0.549932, 0.610126, 0.091792, 0.562935)
bones/28/rotation = Quaternion(-0.215846, 0.422604, -0.0633122, 0.877957)
bones/29/rotation = Quaternion(-0.214187, -0.673887, -0.214187, 0.673887)
bones/30/rotation = Quaternion(-0.430492, 0.1199, -0.304196, 0.841288)
bones/31/rotation = Quaternion(-0.33108, 0.456871, -0.11983, 0.816882)
bones/33/rotation = Quaternion(-0.141538, 0.0447418, 0.98888, -0.00905326)
bones/34/rotation = Quaternion(-0.0404805, 0.992539, 0.114787, 0.007137)
bones/35/rotation = Quaternion(0.0708536, 0.806613, -0.575088, 0.116745)
bones/38/rotation = Quaternion(0.133433, -0.182846, 0.973698, -0.0259838)
bones/39/rotation = Quaternion(0.0605757, 0.983215, 0.171769, -0.0106798)
bones/40/rotation = Quaternion(-0.0812739, 0.697942, -0.704619, -0.0989066)
bones/41/rotation = Quaternion(-4.21469e-08, 1, 5.96047e-08, -1.26441e-07)

[node name="Body" parent="PuppetBase/Skeleton" index="0"]
surface_material_override/0 = SubResource("StandardMaterial3D_ulpgl")

[node name="Head" parent="PuppetBase/Skeleton" index="1"]
transform = Transform3D(1, 2.0643e-06, 4.49839e-06, -1.92365e-06, 0.999518, -0.0310461, -4.56031e-06, 0.0310461, 0.999518, -1.82372e-08, 1.52669, -0.267946)

[node name="Neck" parent="PuppetBase/Skeleton" index="2"]
transform = Transform3D(1, -7.02804e-07, 4.91521e-06, -1.95936e-06, 0.853737, 0.520704, -4.56226e-06, -0.520704, 0.853737, 0.00223505, 1.42297, -0.208152)

[node name="Chest" parent="PuppetBase/Skeleton" index="3"]
transform = Transform3D(1, -7.02804e-07, 4.91521e-06, -1.95936e-06, 0.853737, 0.520704, -4.56226e-06, -0.520704, 0.853737, 7.13329e-10, 1.11748, -0.0868668)

[node name="Stomach" parent="PuppetBase/Skeleton" index="4"]
transform = Transform3D(1, 0, 0, 0, 1, 0, 0, 0, 1, 1.61993e-09, 0.87931, -0.0641973)

[node name="R_UpperArm" parent="PuppetBase/Skeleton" index="5"]
transform = Transform3D(0.503931, -0.863507, 0.0202523, 0.167665, 0.0747923, -0.983003, 0.847315, 0.498761, 0.18247, 0.194961, 1.36633, -0.183394)

[node name="R_Forearm" parent="PuppetBase/Skeleton" index="6"]
transform = Transform3D(0.716026, -0.0875565, 0.692561, 0.646322, -0.291721, -0.705101, 0.263771, 0.952488, -0.15229, 0.281529, 1.21181, -0.293717)

[node name="R_Hand" parent="PuppetBase/Skeleton" index="7"]
transform = Transform3D(-0.279955, -0.251827, -0.926396, -0.399901, 0.907865, -0.12594, 0.872757, 0.335209, -0.354867, 0.115296, 1.30545, -0.369505)

[node name="GunTransform" parent="PuppetBase/Skeleton/R_Hand" index="1"]
remote_path = NodePath("../../../../Weapons")

[node name="L_UpperArm" parent="PuppetBase/Skeleton" index="8"]
transform = Transform3D(0.920527, 0.238077, 0.309756, 0.3774, -0.336946, -0.862575, -0.100988, 0.910926, -0.400019, -0.194961, 1.36633, -0.183392)

[node name="L_Forearm" parent="PuppetBase/Skeleton" index="9"]
transform = Transform3D(0.2875, 0.261431, -0.921411, -0.871698, -0.327183, -0.36482, -0.396845, 0.908078, 0.133824, -0.117508, 1.32738, -0.3732)

[node name="L_Hand" parent="PuppetBase/Skeleton" index="10"]
transform = Transform3D(-0.188762, 0.160149, 0.968876, 0.45583, 0.888175, -0.0580019, -0.869821, 0.430694, -0.240654, 0.0391323, 1.34862, -0.50419)

[node name="R_Thigh" parent="PuppetBase/Skeleton" index="11"]
transform = Transform3D(-0.963041, 0.0018055, 0.269348, -0.0993962, -0.931784, -0.34914, 0.250344, -0.363008, 0.897526, 0.0851499, 0.86182, -0.0593682)

[node name="R_Shin" parent="PuppetBase/Skeleton" index="12"]
transform = Transform3D(0.967224, -0.0259336, -0.252597, -0.0235275, -0.999645, 0.0125417, -0.252832, -0.00618762, -0.96749, 0.112621, 0.484064, -0.241249)

[node name="R_Foot" parent="PuppetBase/Skeleton" index="13"]
transform = Transform3D(-1, 1.19209e-07, -4.87082e-07, -4.6799e-07, 3.81842e-07, 1, 5.96046e-08, 1, -4.90807e-07, 0.119459, 0.113933, -0.180125)

[node name="L_Thigh" parent="PuppetBase/Skeleton" index="14"]
transform = Transform3D(-0.95977, 0.00523988, -0.280737, -0.0305705, -0.995832, 0.0859258, -0.279117, 0.0910513, 0.955931, -0.0851499, 0.86182, -0.0593682)

[node name="L_Shin" parent="PuppetBase/Skeleton" index="15"]
transform = Transform3D(0.962701, 0.0199748, 0.26983, 0.106842, -0.944291, -0.311288, 0.24858, 0.328506, -0.911204, -0.10929, 0.442391, -0.0538146)

[node name="L_Foot" parent="PuppetBase/Skeleton" index="16"]
transform = Transform3D(-1, 4.02331e-07, -1.19209e-07, -1.04308e-07, -2.98023e-08, 1, 3.72529e-07, 1, 1.49012e-07, -0.11946, 0.113933, 0.127273)

[node name="DmgLbl" type="Node3D" parent="."]
transform = Transform3D(1, 0, 0, 0, 1, 0, 0, 0, 1, 0, 1.88315, 0)

[node name="Voice" type="Node3D" parent="."]
script = ExtResource("4_8ihun")

[node name="Slapped" type="AudioStreamPlayer3D" parent="."]
stream = ExtResource("5_tm5o4")
bus = &"SFX"

[node name="Footsteps" type="Node3D" parent="."]
script = ExtResource("9_druge")

[node name="Footsteps1" type="AudioStreamPlayer3D" parent="Footsteps"]
stream = ExtResource("9_4go11")
unit_size = 2.0
max_distance = 3.0
bus = &"SFX"

[node name="Footsteps2" type="AudioStreamPlayer3D" parent="Footsteps"]
stream = ExtResource("10_i4x8w")
unit_size = 2.0
max_distance = 3.0
bus = &"SFX"

[node name="Footsteps3" type="AudioStreamPlayer3D" parent="Footsteps"]
stream = ExtResource("11_ccipe")
unit_size = 2.0
max_distance = 3.0
bus = &"SFX"

[node name="Footsteps4" type="AudioStreamPlayer3D" parent="Footsteps"]
stream = ExtResource("12_hl0ln")
unit_size = 2.0
max_distance = 3.0
bus = &"SFX"

[connection signal="take_damage" from="PuppetBase/Skeleton/Head/HeadArea" to="." method="_take_damage"]
[connection signal="take_damage" from="PuppetBase/Skeleton/Neck/NeckArea" to="." method="_take_damage"]
[connection signal="take_damage" from="PuppetBase/Skeleton/Chest/ChestArea" to="." method="_take_damage"]
[connection signal="take_damage" from="PuppetBase/Skeleton/Stomach/StomachArea" to="." method="_take_damage"]
[connection signal="take_damage" from="PuppetBase/Skeleton/R_UpperArm/R_UpperArmArea" to="." method="_take_damage"]
[connection signal="take_damage" from="PuppetBase/Skeleton/R_Forearm/R_ForearmArea" to="." method="_take_damage"]
[connection signal="take_damage" from="PuppetBase/Skeleton/R_Hand/R_HandArea" to="." method="_take_damage"]
[connection signal="take_damage" from="PuppetBase/Skeleton/L_UpperArm/L_UpperArmArea" to="." method="_take_damage"]
[connection signal="take_damage" from="PuppetBase/Skeleton/L_Forearm/L_ForearmArea" to="." method="_take_damage"]
[connection signal="take_damage" from="PuppetBase/Skeleton/L_Hand/L_HandArea" to="." method="_take_damage"]
[connection signal="take_damage" from="PuppetBase/Skeleton/R_Thigh/R_ThighArea" to="." method="_take_damage"]
[connection signal="take_damage" from="PuppetBase/Skeleton/R_Shin/R_ShinArea" to="." method="_take_damage"]
[connection signal="take_damage" from="PuppetBase/Skeleton/R_Foot/R_FootArea" to="." method="_take_damage"]
[connection signal="take_damage" from="PuppetBase/Skeleton/L_Thigh/L_ThighArea" to="." method="_take_damage"]
[connection signal="take_damage" from="PuppetBase/Skeleton/L_Shin/L_ShinArea" to="." method="_take_damage"]
[connection signal="take_damage" from="PuppetBase/Skeleton/L_Foot/L_FootArea" to="." method="_take_damage"]

[editable path="Weapons/Pistol"]
[editable path="Weapons/Pistol/Mesh"]
[editable path="Weapons/Rifle"]
[editable path="Weapons/Shotgun"]
[editable path="PuppetBase"]
