[gd_scene load_steps=11 format=3 uid="uid://3bdpsmhs0ihw"]

[ext_resource type="Script" path="res://Characters/CharacterBase.gd" id="1_bax7o"]
[ext_resource type="PackedScene" uid="uid://c3ob8to8fwnja" path="res://Testing/TestSlapper.tscn" id="2_4yusc"]
[ext_resource type="PackedScene" uid="uid://co0p3nftwld2k" path="res://Testing/TestPistol.tscn" id="3_80nbp"]
[ext_resource type="PackedScene" uid="uid://cav8u8ekjjhdi" path="res://Testing/TestRifle.tscn" id="4_wo8a1"]
[ext_resource type="PackedScene" uid="uid://barsvh0ntyosw" path="res://Testing/Shotgun.tscn" id="5_hb23m"]
[ext_resource type="PackedScene" uid="uid://cmdilq5ptgg8g" path="res://Characters/PuppetBase.tscn" id="6_a8tmk"]
[ext_resource type="Script" path="res://Characters/Voice.gd" id="7_txmrv"]
[ext_resource type="AudioStream" uid="uid://dvwslqt03fwb6" path="res://Props/Slap.ogg" id="8_vpvny"]

[sub_resource type="CapsuleShape3D" id="CapsuleShape3D_5yxej"]
radius = 0.35
height = 1.8

[sub_resource type="StandardMaterial3D" id="StandardMaterial3D_ulpgl"]
albedo_color = Color(0.839216, 0.6, 0.466667, 1)
subsurf_scatter_enabled = true
subsurf_scatter_strength = 1.0
subsurf_scatter_skin_mode = true

[node name="CharacterBase" type="CharacterBody3D" groups=["players"]]
collision_layer = 2
collision_mask = 3
platform_floor_layers = 4278190080
script = ExtResource("1_bax7o")

[node name="Collision" type="CollisionShape3D" parent="."]
transform = Transform3D(1, 0, 0, 0, 1, 0, 0, 0, 1, 0, 0.875, 0)
shape = SubResource("CapsuleShape3D_5yxej")

[node name="AimHelper" type="Node3D" parent="."]
transform = Transform3D(1, 0, 0, 0, 1, 0, 0, 0, 1, 0, 1.65, 0)

[node name="ShootCast" type="RayCast3D" parent="AimHelper"]
unique_name_in_owner = true
target_position = Vector3(0, 0, -99)
collision_mask = 13
collide_with_areas = true
debug_shape_thickness = 1

[node name="Weapons" type="Node3D" parent="."]
transform = Transform3D(-0.210929, -0.181763, -0.960454, -0.972774, 0.135551, 0.187982, 0.0960224, 0.973955, -0.205406, 0.171461, 1.34967, -0.268561)

[node name="Slapper" parent="Weapons" instance=ExtResource("2_4yusc")]
visible = false

[node name="Pistol" parent="Weapons" instance=ExtResource("3_80nbp")]
visible = false

[node name="Rifle" parent="Weapons" instance=ExtResource("4_wo8a1")]
visible = false

[node name="Shotgun" parent="Weapons" instance=ExtResource("5_hb23m")]
visible = false

[node name="PuppetBase" parent="." instance=ExtResource("6_a8tmk")]
transform = Transform3D(1, 0, 0, 0, 1, 0, 0, 0, 1, 0, 0, 0.0529786)

[node name="AnimationTree" parent="PuppetBase" index="1"]
active = true
parameters/Idle/UpperIdle/blend_position = Vector2(0, 1)
parameters/Run/UpperRun/blend_position = Vector2(0, 1)

[node name="Skeleton" parent="PuppetBase" index="2"]
bones/1/position = Vector3(1.61993e-09, 0.882588, -0.0641973)
bones/2/rotation = Quaternion(0.00238028, 1.46916e-05, 0.000183486, 0.999997)
bones/4/rotation = Quaternion(0.00215683, 1.0076e-05, 0.000167045, 0.999998)
bones/5/rotation = Quaternion(0.0027767, 1.13818e-05, 0.000215237, 0.999996)
bones/7/rotation = Quaternion(0.0167056, 0.886473, 0.276303, 0.370867)
bones/8/rotation = Quaternion(-0.0161318, -0.721923, -0.0156914, 0.691608)
bones/9/rotation = Quaternion(-0.403859, 0.722735, 0.126186, 0.546469)
bones/10/rotation = Quaternion(2.38419e-07, -2.98023e-08, -1.19209e-07, 1)
bones/11/rotation = Quaternion(0.0304413, -0.0197061, -0.0716234, 0.996772)
bones/12/rotation = Quaternion(-5.96047e-08, -2.38419e-07, 2.38419e-07, 1)
bones/14/rotation = Quaternion(0.000706571, 0.00126551, -0.000661736, 0.999999)
bones/15/rotation = Quaternion(-5.96046e-08, 5.96046e-08, 1.78814e-07, 1)
bones/16/rotation = Quaternion(-0.214187, 0.673887, 0.214187, 0.673887)
bones/17/rotation = Quaternion(0.32624, 0.04867, 0.046192, 0.942902)
bones/18/rotation = Quaternion(-0.0177395, 0.184228, 0.00458947, 0.982713)
bones/20/rotation = Quaternion(-0.130256, 0.949625, 0.267601, 0.0981572)
bones/21/rotation = Quaternion(0.25241, 0.380935, -0.245363, 0.854971)
bones/22/rotation = Quaternion(-0.206968, -0.844591, -0.148267, 0.471007)
bones/23/rotation = Quaternion(5.96046e-08, -5.96046e-08, 1.78814e-07, 1)
bones/24/rotation = Quaternion(0.0131437, 0.023597, 0.0823558, 0.996237)
bones/25/rotation = Quaternion(-0.000315352, -0.00431952, 0.00113367, 0.99999)
bones/27/rotation = Quaternion(-0.00767429, -0.013975, -0.0489889, 0.998672)
bones/28/rotation = Quaternion(0.00107612, -0.00828993, 0.00194444, 0.999963)
bones/29/rotation = Quaternion(-0.214187, -0.673887, -0.214187, 0.673887)
bones/30/rotation = Quaternion(-0.341961, 0.505766, -0.569937, 0.549941)
bones/31/rotation = Quaternion(-0.0929818, 0.136922, -0.113451, 0.979661)
bones/33/rotation = Quaternion(-0.141181, 0.0522971, 0.988544, -0.0106983)
bones/34/rotation = Quaternion(-0.0346813, 0.994529, 0.0983421, 0.00611449)
bones/35/rotation = Quaternion(0.0727487, 0.800921, -0.582866, 0.116193)
bones/38/rotation = Quaternion(0.133437, -0.176112, 0.974978, -0.0244464)
bones/39/rotation = Quaternion(0.0559323, 0.985708, 0.158602, -0.00986119)
bones/40/rotation = Quaternion(-0.0826462, 0.692906, -0.70951, -0.0982156)
bones/41/rotation = Quaternion(-4.21469e-08, 1, 5.96047e-08, -1.26441e-07)

[node name="Body" parent="PuppetBase/Skeleton" index="0"]
surface_material_override/0 = SubResource("StandardMaterial3D_ulpgl")

[node name="Head" parent="PuppetBase/Skeleton" index="1"]
transform = Transform3D(0.999999, -0.00113092, 8.05614e-05, 0.00113198, 0.999892, -0.0146271, -6.40106e-05, 0.0146272, 0.999893, -0.000182151, 1.56255, -0.0493497)

[node name="HeadArea" parent="PuppetBase/Skeleton/Head" index="0"]
collision_layer = 8

[node name="Neck" parent="PuppetBase/Skeleton" index="2"]
transform = Transform3D(1, -0.000366901, 3.02566e-05, 0.000367041, 0.999989, -0.00476055, -2.85096e-05, 0.00476056, 0.999989, 0.00211782, 1.44445, -0.0298002)

[node name="NeckArea" parent="PuppetBase/Skeleton/Neck" index="0"]
collision_layer = 8

[node name="Chest" parent="PuppetBase/Skeleton" index="3"]
transform = Transform3D(1, -0.000366901, 3.02566e-05, 0.000367041, 0.999989, -0.00476055, -2.85096e-05, 0.00476056, 0.999989, 7.13329e-10, 1.12076, -0.0868668)

[node name="ChestArea" parent="PuppetBase/Skeleton/Chest" index="0"]
collision_layer = 8

[node name="Stomach" parent="PuppetBase/Skeleton" index="4"]
transform = Transform3D(1, 0, 0, 0, 1, 0, 0, 0, 1, 1.61993e-09, 0.882588, -0.0641973)

[node name="StomachArea" parent="PuppetBase/Skeleton/Stomach" index="0"]
collision_layer = 8

[node name="R_UpperArm" parent="PuppetBase/Skeleton" index="5"]
transform = Transform3D(0.194977, -0.823014, -0.533508, -0.260571, 0.480935, -0.837141, 0.945562, 0.30224, -0.120683, 0.194866, 1.38332, -0.0384492)

[node name="R_UpperArmArea" parent="PuppetBase/Skeleton/R_UpperArm" index="0"]
collision_layer = 8

[node name="R_Forearm" parent="PuppetBase/Skeleton" index="6"]
transform = Transform3D(0.715544, -0.630284, 0.301228, 0.386117, -0.00251125, -0.922446, 0.58216, 0.776361, 0.241567, 0.225179, 1.22331, -0.168919)

[node name="R_ForearmArea" parent="PuppetBase/Skeleton/R_Forearm" index="0"]
collision_layer = 8

[node name="R_Hand" parent="PuppetBase/Skeleton" index="7"]
transform = Transform3D(-0.210929, -0.181763, -0.960454, -0.972774, 0.135551, 0.187982, 0.0960224, 0.973955, -0.205406, 0.171461, 1.34967, -0.32154)

[node name="R_HandArea" parent="PuppetBase/Skeleton/R_Hand" index="0"]
collision_layer = 8

[node name="GunTransform" parent="PuppetBase/Skeleton/R_Hand" index="1"]
remote_path = NodePath("../../../../Weapons")

[node name="L_UpperArm" parent="PuppetBase/Skeleton" index="8"]
transform = Transform3D(0.234778, 0.846565, 0.47771, -0.644755, 0.503401, -0.57522, -0.727441, -0.172957, 0.664015, -0.195056, 1.38318, -0.0384381)

[node name="L_UpperArmArea" parent="PuppetBase/Skeleton/L_UpperArm" index="0"]
collision_layer = 8

[node name="L_Forearm" parent="PuppetBase/Skeleton" index="9"]
transform = Transform3D(0.468557, 0.856436, -0.216731, -0.546274, 0.473683, 0.690804, 0.694291, -0.205286, 0.689795, -0.233133, 1.18637, 0.0195546)

[node name="L_ForearmArea" parent="PuppetBase/Skeleton/L_Forearm" index="0"]
collision_layer = 8

[node name="L_Hand" parent="PuppetBase/Skeleton" index="10"]
transform = Transform3D(-0.22442, 0.267772, 0.936981, -0.78546, 0.519401, -0.336564, -0.576791, -0.811493, 0.0937603, -0.232345, 0.986087, -0.0255028)

[node name="L_HandArea" parent="PuppetBase/Skeleton/L_Hand" index="0"]
collision_layer = 8

[node name="R_Thigh" parent="PuppetBase/Skeleton" index="11"]
transform = Transform3D(-0.963194, 0.000669532, 0.268807, -0.0946691, -0.936774, -0.336887, 0.251585, -0.349935, 0.902358, 0.0851499, 0.865098, -0.0593682)

[node name="R_ThighArea" parent="PuppetBase/Skeleton/R_Thigh" index="0"]
collision_layer = 8

[node name="R_Shin" parent="PuppetBase/Skeleton" index="12"]
transform = Transform3D(0.967047, -0.0248374, -0.253385, -0.0188318, -0.999482, 0.0261, -0.253902, -0.0204682, -0.967014, 0.112164, 0.4848, -0.235942)

[node name="R_ShinArea" parent="PuppetBase/Skeleton/R_Shin" index="0"]
collision_layer = 8

[node name="R_Foot" parent="PuppetBase/Skeleton" index="13"]
transform = Transform3D(-1, -1.3411e-07, -2.01166e-07, -2.01166e-07, 6.63102e-07, 1, -1.19209e-07, 1, -6.57514e-07, 0.119459, 0.11384, -0.180125)

[node name="R_FootArea" parent="PuppetBase/Skeleton/R_Foot" index="0"]
collision_layer = 8

[node name="L_Thigh" parent="PuppetBase/Skeleton" index="14"]
transform = Transform3D(-0.959907, 0.00638487, -0.280245, -0.0359182, -0.994301, 0.100375, -0.278007, 0.106417, 0.954666, -0.0851499, 0.865098, -0.0593682)

[node name="L_ThighArea" parent="PuppetBase/Skeleton/L_Thigh" index="0"]
collision_layer = 8

[node name="L_Shin" parent="PuppetBase/Skeleton" index="15"]
transform = Transform3D(0.962414, 0.0189184, 0.270929, 0.101318, -0.950565, -0.293533, 0.251982, 0.30995, -0.916753, -0.108828, 0.445778, -0.0473224)

[node name="L_ShinArea" parent="PuppetBase/Skeleton/L_Shin" index="0"]
collision_layer = 8

[node name="L_Foot" parent="PuppetBase/Skeleton" index="16"]
transform = Transform3D(-1, -1.49012e-07, -2.23517e-07, -2.5332e-07, 2.98023e-08, 1, -1.19209e-07, 1, 0, -0.11946, 0.11384, 0.127273)

[node name="L_FootArea" parent="PuppetBase/Skeleton/L_Foot" index="0"]
collision_layer = 8

[node name="DmgLbl" type="Node3D" parent="."]
transform = Transform3D(1, 0, 0, 0, 1, 0, 0, 0, 1, 0, 1.88315, 0)

[node name="Voice" type="Node3D" parent="."]
script = ExtResource("7_txmrv")

[node name="Slapped" type="AudioStreamPlayer3D" parent="."]
stream = ExtResource("8_vpvny")

[connection signal="take_damage" from="PuppetBase/Skeleton/Head/HeadArea" to="." method="_take_damage"]
[connection signal="take_damage" from="PuppetBase/Skeleton/Neck/NeckArea" to="." method="_take_damage"]
[connection signal="take_damage" from="PuppetBase/Skeleton/Chest/ChestArea" to="." method="_take_damage"]
[connection signal="take_damage" from="PuppetBase/Skeleton/Stomach/StomachArea" to="." method="_take_damage"]
[connection signal="take_damage" from="PuppetBase/Skeleton/R_UpperArm/R_UpperArmArea" to="." method="_take_damage"]
[connection signal="take_damage" from="PuppetBase/Skeleton/R_Forearm/R_ForearmArea" to="." method="_take_damage"]
[connection signal="take_damage" from="PuppetBase/Skeleton/R_Hand/R_HandArea" to="." method="_take_damage"]
[connection signal="take_damage" from="PuppetBase/Skeleton/L_UpperArm/L_UpperArmArea" to="." method="_take_damage"]
[connection signal="take_damage" from="PuppetBase/Skeleton/L_Forearm/L_ForearmArea" to="." method="_take_damage"]
[connection signal="take_damage" from="PuppetBase/Skeleton/L_Hand/L_HandArea" to="." method="_take_damage"]
[connection signal="take_damage" from="PuppetBase/Skeleton/R_Thigh/R_ThighArea" to="." method="_take_damage"]
[connection signal="take_damage" from="PuppetBase/Skeleton/R_Shin/R_ShinArea" to="." method="_take_damage"]
[connection signal="take_damage" from="PuppetBase/Skeleton/R_Foot/R_FootArea" to="." method="_take_damage"]
[connection signal="take_damage" from="PuppetBase/Skeleton/L_Thigh/L_ThighArea" to="." method="_take_damage"]
[connection signal="take_damage" from="PuppetBase/Skeleton/L_Shin/L_ShinArea" to="." method="_take_damage"]
[connection signal="take_damage" from="PuppetBase/Skeleton/L_Foot/L_FootArea" to="." method="_take_damage"]

[editable path="PuppetBase"]
