[gd_scene load_steps=15 format=3 uid="uid://1s5qidco641t"]

[ext_resource type="Script" path="res://Characters/CharacterBase.gd" id="1_bax7o"]
[ext_resource type="PackedScene" uid="uid://ckqtvo1inhvtn" path="res://Props/Weapons/Slapper/Slapper.tscn" id="2_26305"]
[ext_resource type="PackedScene" uid="uid://bwie7ixf4v1vw" path="res://Props/Weapons/Pistol/Pistol.tscn" id="3_c6pft"]
[ext_resource type="PackedScene" uid="uid://bhxw75oi8yofw" path="res://Props/Weapons/Rifle/Rifle.tscn" id="4_7rqvl"]
[ext_resource type="Script" path="res://Characters/Voice.gd" id="4_8ihun"]
[ext_resource type="PackedScene" uid="uid://dh23vd3s1cpss" path="res://Props/Weapons/SMG/SMG.tscn" id="4_bxvtu"]
[ext_resource type="PackedScene" uid="uid://barsvh0ntyosw" path="res://Props/Weapons/Shotgun/Shotgun.tscn" id="5_gqd55"]
[ext_resource type="AudioStream" uid="uid://dvwslqt03fwb6" path="res://Props/Weapons/Slapper/Slap.ogg" id="5_tm5o4"]
[ext_resource type="PackedScene" uid="uid://bj70y5rv73685" path="res://Characters/PuppetBase.tscn" id="6_7o0ro"]
[ext_resource type="AudioStream" uid="uid://b56r0e1ges6xc" path="res://Characters/Audio/footstep1.ogg" id="9_4go11"]
[ext_resource type="Script" path="res://RandomAudio.gd" id="9_druge"]
[ext_resource type="AudioStream" uid="uid://doju4xf4dtgt" path="res://Characters/Audio/footstep2.ogg" id="10_i4x8w"]
[ext_resource type="AudioStream" uid="uid://cxbr801up84rw" path="res://Characters/Audio/footstep4.ogg" id="12_hl0ln"]

[sub_resource type="CapsuleShape3D" id="CapsuleShape3D_5yxej"]
radius = 0.35
height = 1.8

[node name="CharacterBase" type="CharacterBody3D" groups=["players"]]
collision_layer = 2
collision_mask = 3
platform_floor_layers = 4278190080
script = ExtResource("1_bax7o")

[node name="Collision" type="CollisionShape3D" parent="."]
transform = Transform3D(1, 0, 0, 0, 1, 0, 0, 0, 1, 0, 0.875, 0)
shape = SubResource("CapsuleShape3D_5yxej")

[node name="Weapons" type="Node3D" parent="."]
transform = Transform3D(0.853013, -0.0732252, 0.516728, -0.226161, 0.840446, 0.492444, -0.470342, -0.536925, 0.700351, 0.165642, 1.44352, -0.375302)

[node name="Slapper" parent="Weapons" instance=ExtResource("2_26305")]
transform = Transform3D(-0.224442, -0.501342, 0.835634, -0.399893, 0.829368, 0.390176, -0.888659, -0.246592, -0.386628, 0.00662899, -0.0015403, 0.0135412)
visible = false

[node name="Pistol" parent="Weapons" instance=ExtResource("3_c6pft")]
transform = Transform3D(0.907643, -0.419078, 0.0236713, 0.0267876, 0.00155281, -0.99964, 0.41889, 0.90795, 0.0126354, -0.0382926, -0.0126591, 0.00222373)
visible = false

[node name="SMG" parent="Weapons" instance=ExtResource("4_bxvtu")]
transform = Transform3D(0.898794, -0.438371, 1.11759e-08, 9.31323e-09, -4.48199e-08, -1, 0.438371, 0.898794, -3.81842e-08, -0.033591, -0.0112215, -0.00850368)
visible = false

[node name="Rifle" parent="Weapons" instance=ExtResource("4_7rqvl")]
transform = Transform3D(0.873686, -0.485679, 0.0280673, 0.0243102, -0.0140355, -0.999606, 0.485882, 0.874024, -0.000455644, -0.0376089, -0.0336642, 0.0125195)
visible = false

[node name="Shotgun" parent="Weapons" instance=ExtResource("5_gqd55")]
transform = Transform3D(0.877343, -0.479192, 0.0253764, 0.0240809, -0.00885019, -0.999671, 0.479259, 0.877665, 0.00377468, -0.044263, -0.00856596, 0.0186746)
visible = false

[node name="AimHelper" type="Node3D" parent="."]
transform = Transform3D(1, 0, 0, 0, 1, 0, 0, 0, 1, 0, 1.65, 0)

[node name="Camera" type="Camera3D" parent="AimHelper"]
unique_name_in_owner = true
transform = Transform3D(1, 0, 0, 0, 0.97237, 0.233445, 0, -0.233445, 0.97237, 0, 0.5, 0.75)
cull_mask = 1048551

[node name="ShootCast" type="RayCast3D" parent="AimHelper"]
unique_name_in_owner = true
target_position = Vector3(0, 0, -999)
collision_mask = 9
hit_back_faces = false
collide_with_areas = true

[node name="Puppet" parent="." instance=ExtResource("6_7o0ro")]

[node name="Skeleton3D" parent="Puppet" index="2"]
bones/1/position = Vector3(-1.20694e-09, 0.88733, -0.0641973)
bones/2/rotation = Quaternion(-0.137522, 0.000831628, 0.00289148, 0.990494)
bones/4/rotation = Quaternion(0.0884855, 0.0132183, 0.0184588, 0.995819)
bones/5/rotation = Quaternion(-0.0153572, -8.45377e-05, -0.00050064, 0.999882)
bones/7/rotation = Quaternion(-0.179857, 0.250332, -0.495015, 0.81237)
bones/8/rotation = Quaternion(0.261038, 0.0351929, -0.0508249, 0.963347)
bones/9/rotation = Quaternion(-0.0229389, -0.333611, -0.00957918, 0.942383)
bones/11/rotation = Quaternion(-0.138693, -0.0287752, 0.154496, 0.977787)
bones/12/rotation = Quaternion(-0.0728706, -0.00440988, -0.0389535, 0.996571)
bones/14/rotation = Quaternion(0.0625832, -0.170888, -0.0836076, 0.97974)
bones/15/rotation = Quaternion(0.0688573, 0.146545, 0.0441172, 0.985818)
bones/17/rotation = Quaternion(-0.312421, -0.0319354, 0.261803, 0.912597)
bones/18/rotation = Quaternion(-0.0645516, 0.0977242, -0.0941116, 0.988649)
bones/20/rotation = Quaternion(0.180742, 0.102823, 0.519384, 0.828855)
bones/21/rotation = Quaternion(0.705174, -0.0253901, 0.137306, 0.695149)
bones/22/rotation = Quaternion(0.165074, 0.238796, -0.0524869, 0.955496)
bones/24/rotation = Quaternion(-0.141015, 0.0467663, -0.146023, 0.978062)
bones/25/rotation = Quaternion(-0.0672074, 0.0088811, 0.0312065, 0.997211)
bones/27/rotation = Quaternion(0.100702, 0.158096, 0.11071, 0.976017)
bones/28/rotation = Quaternion(0.0814358, -0.138316, -0.0578198, 0.985339)
bones/30/rotation = Quaternion(-0.535951, -0.390434, 0.596099, 0.452751)
bones/31/rotation = Quaternion(-0.291467, -0.110498, 0.336933, 0.888433)
bones/33/rotation = Quaternion(-0.58166, 0.207623, -0.182524, 0.765016)
bones/34/rotation = Quaternion(-0.108943, 0.00383913, 0.16691, 0.979927)
bones/35/rotation = Quaternion(0.273819, -0.129577, -0.642835, 0.703559)
bones/36/rotation = Quaternion(0.00495412, -0.00577786, -0.163837, 0.986458)
bones/38/rotation = Quaternion(-0.520686, -0.0503176, 0.342893, 0.780243)
bones/39/rotation = Quaternion(-0.146512, -0.00377433, -0.224469, 0.963397)
bones/40/rotation = Quaternion(0.228182, 0.127326, 0.526682, 0.808905)
bones/41/rotation = Quaternion(0.00495411, 0.00577787, 0.163837, 0.986458)

[node name="Head" parent="Puppet/Skeleton3D" index="1"]
transform = Transform3D(-0.999996, -0.00262719, 0.000364393, -0.00264614, 0.978812, -0.204742, 0.000181225, -0.204742, -0.978816, -0.000429591, 1.56712, -0.0461224)

[node name="Neck" parent="Puppet/Skeleton3D" index="2"]
transform = Transform3D(-0.999999, -0.00161619, 0.000260472, -0.00163218, 0.972065, -0.234706, 0.000126136, -0.234706, -0.972066, -0.000325854, 1.50473, -0.0310576)

[node name="Chest" parent="Puppet/Skeleton3D" index="3"]
transform = Transform3D(-0.999982, 0.00595682, -0.000852539, 0.005706, 0.983643, 0.180038, 0.00191105, 0.180029, -0.983659, -2.11354e-09, 1.1255, -0.0868667)

[node name="Stomach" parent="Puppet/Skeleton3D" index="4"]
transform = Transform3D(-1, -3.78941e-09, -3.89234e-07, 3.31093e-08, 0.995501, -0.0947544, 3.87842e-07, -0.0947544, -0.995501, -1.20694e-09, 0.88733, -0.0641973)

[node name="R_UpperArm" parent="Puppet/Skeleton3D" index="5"]
transform = Transform3D(0.987469, 0.153833, -0.0352074, 0.139347, -0.745249, 0.652063, 0.0740705, -0.648799, -0.757346, 0.194736, 1.38784, -0.0367473)

[node name="R_Forearm" parent="Puppet/Skeleton3D" index="6"]
transform = Transform3D(0.96476, -0.263097, 0.00432839, 0.167624, 0.627178, 0.760625, -0.202833, -0.733094, 0.649178, 0.226837, 1.23232, -0.172133)

[node name="R_Hand" parent="Puppet/Skeleton3D" index="7"]
transform = Transform3D(0.853012, -0.0732252, 0.516728, -0.226161, 0.840446, 0.492444, -0.470342, -0.536925, 0.700351, 0.172825, 1.36108, -0.322633)

[node name="GunTransform" parent="Puppet/Skeleton3D/R_Hand" index="1"]
transform = Transform3D(1, 0, 2.98023e-08, 0, 1, -2.98023e-08, 5.96046e-08, 0, 1, 0, 0.0980922, -5.96046e-08)
remote_path = NodePath("../../../../Weapons")

[node name="L_UpperArm" parent="Puppet/Skeleton3D" index="8"]
transform = Transform3D(0.977996, -0.187329, 0.0918251, -0.15142, -0.940155, -0.305256, 0.143513, 0.284635, -0.947833, -0.195185, 1.3875, -0.0367209)

[node name="L_Forearm" parent="Puppet/Skeleton3D" index="9"]
transform = Transform3D(0.97676, -0.00123958, 0.214332, -0.0466747, -0.977215, 0.207055, 0.209192, -0.212247, -0.954563, -0.234276, 1.19131, 0.0226745)

[node name="L_Hand" parent="Puppet/Skeleton3D" index="10"]
transform = Transform3D(0.894027, 0.0234499, -0.4474, 0.0966928, -0.985193, 0.141581, -0.437455, -0.169837, -0.883056, -0.23453, 0.990697, -0.0208984)

[node name="R_Thigh" parent="Puppet/Skeleton3D" index="11"]
transform = Transform3D(0.488435, 0.0626867, 0.870346, -0.322546, -0.913805, 0.246829, 0.810799, -0.401286, -0.426115, 0.0851499, 0.86984, -0.0593682)

[node name="R_Shin" parent="Puppet/Skeleton3D" index="12"]
transform = Transform3D(0.475733, 0.0212474, 0.879333, 0.122213, -0.991608, -0.0421587, 0.871058, 0.127522, -0.474338, 0.111488, 0.485896, -0.227973)

[node name="R_Foot" parent="Puppet/Skeleton3D" index="13"]
transform = Transform3D(0.245939, 0.0720783, 0.966602, -0.853541, -0.456465, 0.25121, 0.459327, -0.886817, -0.0507408, 0.119461, 0.113838, -0.180125)

[node name="L_Thigh" parent="Puppet/Skeleton3D" index="14"]
transform = Transform3D(0.498521, -0.0546782, -0.865152, -0.073112, -0.997105, 0.0208889, -0.863789, 0.0528394, -0.501075, -0.0851499, 0.86984, -0.0593682)

[node name="L_Shin" parent="Puppet/Skeleton3D" index="15"]
transform = Transform3D(0.490862, -0.0302149, -0.870713, -0.395292, -0.898335, -0.191671, -0.776401, 0.43827, -0.452902, -0.108124, 0.450897, -0.0371672)

[node name="L_Foot" parent="Puppet/Skeleton3D" index="16"]
transform = Transform3D(0.245938, -0.0720758, -0.966602, 0.853542, -0.456465, 0.251208, -0.459326, -0.886817, -0.0507424, -0.11946, 0.113835, 0.127275)

[node name="DmgLbl" type="Node3D" parent="."]
transform = Transform3D(1, 0, 0, 0, 1, 0, 0, 0, 1, 0, 1.88315, 0)

[node name="Voice" type="Node3D" parent="."]
script = ExtResource("4_8ihun")

[node name="Slapped" type="AudioStreamPlayer3D" parent="."]
stream = ExtResource("5_tm5o4")
bus = &"SFX"

[node name="Footsteps" type="Node3D" parent="."]
script = ExtResource("9_druge")

[node name="Footsteps1" type="AudioStreamPlayer3D" parent="Footsteps"]
stream = ExtResource("9_4go11")
unit_size = 2.0
max_distance = 3.0
bus = &"SFX"

[node name="Footsteps2" type="AudioStreamPlayer3D" parent="Footsteps"]
stream = ExtResource("10_i4x8w")
unit_size = 2.0
max_distance = 3.0
bus = &"SFX"

[node name="Footsteps3" type="AudioStreamPlayer3D" parent="Footsteps"]
stream = ExtResource("12_hl0ln")
unit_size = 2.0
max_distance = 3.0
bus = &"SFX"

[connection signal="take_damage" from="Puppet/Skeleton3D/Head/HeadArea" to="." method="take_damage"]
[connection signal="take_damage" from="Puppet/Skeleton3D/Neck/NeckArea" to="." method="take_damage"]
[connection signal="take_damage" from="Puppet/Skeleton3D/Chest/ChestArea" to="." method="take_damage"]
[connection signal="take_damage" from="Puppet/Skeleton3D/Stomach/StomachArea" to="." method="take_damage"]
[connection signal="take_damage" from="Puppet/Skeleton3D/R_UpperArm/R_UpperArmArea" to="." method="take_damage"]
[connection signal="take_damage" from="Puppet/Skeleton3D/R_Forearm/R_ForearmArea" to="." method="take_damage"]
[connection signal="take_damage" from="Puppet/Skeleton3D/R_Hand/R_HandArea" to="." method="take_damage"]
[connection signal="take_damage" from="Puppet/Skeleton3D/L_UpperArm/L_UpperArmArea" to="." method="take_damage"]
[connection signal="take_damage" from="Puppet/Skeleton3D/L_Forearm/L_ForearmArea" to="." method="take_damage"]
[connection signal="take_damage" from="Puppet/Skeleton3D/L_Hand/L_HandArea" to="." method="take_damage"]
[connection signal="take_damage" from="Puppet/Skeleton3D/R_Thigh/R_ThighArea" to="." method="take_damage"]
[connection signal="take_damage" from="Puppet/Skeleton3D/R_Shin/R_ShinArea" to="." method="take_damage"]
[connection signal="take_damage" from="Puppet/Skeleton3D/R_Foot/R_FootArea" to="." method="take_damage"]
[connection signal="take_damage" from="Puppet/Skeleton3D/L_Thigh/L_ThighArea" to="." method="take_damage"]
[connection signal="take_damage" from="Puppet/Skeleton3D/L_Shin/L_ShinArea" to="." method="take_damage"]
[connection signal="take_damage" from="Puppet/Skeleton3D/L_Foot/L_FootArea" to="." method="take_damage"]

[editable path="Weapons/Pistol"]
[editable path="Weapons/Pistol/Mesh"]
[editable path="Weapons/SMG"]
[editable path="Weapons/SMG/Mesh"]
[editable path="Weapons/Rifle"]
[editable path="Weapons/Shotgun"]
[editable path="Puppet"]
