[gd_scene load_steps=16 format=3 uid="uid://1s5qidco641t"]

[ext_resource type="Script" path="res://Characters/CharacterBase.gd" id="1_bax7o"]
[ext_resource type="PackedScene" uid="uid://ckqtvo1inhvtn" path="res://Props/Weapons/Slapper/Slapper.tscn" id="2_26305"]
[ext_resource type="PackedScene" uid="uid://bwie7ixf4v1vw" path="res://Props/Weapons/Pistol/Pistol.tscn" id="3_c6pft"]
[ext_resource type="PackedScene" uid="uid://bhxw75oi8yofw" path="res://Props/Weapons/Rifle/Rifle.tscn" id="4_7rqvl"]
[ext_resource type="Script" path="res://Characters/Voice.gd" id="4_8ihun"]
[ext_resource type="PackedScene" uid="uid://dh23vd3s1cpss" path="res://Props/Weapons/SMG/SMG.tscn" id="4_bxvtu"]
[ext_resource type="PackedScene" uid="uid://barsvh0ntyosw" path="res://Props/Weapons/Shotgun/Shotgun.tscn" id="5_gqd55"]
[ext_resource type="AudioStream" uid="uid://dvwslqt03fwb6" path="res://Props/Weapons/Slapper/Slap.ogg" id="5_tm5o4"]
[ext_resource type="PackedScene" uid="uid://bj70y5rv73685" path="res://Characters/PuppetBase.tscn" id="6_7o0ro"]
[ext_resource type="AudioStream" uid="uid://b56r0e1ges6xc" path="res://Characters/Audio/footstep1.ogg" id="9_4go11"]
[ext_resource type="Script" path="res://RandomAudio.gd" id="9_druge"]
[ext_resource type="AudioStream" uid="uid://doju4xf4dtgt" path="res://Characters/Audio/footstep2.ogg" id="10_i4x8w"]
[ext_resource type="AudioStream" uid="uid://brbwtdst5aopq" path="res://Characters/Audio/footstep3.ogg" id="11_ccipe"]
[ext_resource type="AudioStream" uid="uid://cxbr801up84rw" path="res://Characters/Audio/footstep4.ogg" id="12_hl0ln"]

[sub_resource type="CapsuleShape3D" id="CapsuleShape3D_5yxej"]
radius = 0.35
height = 1.8

[node name="CharacterBase" type="CharacterBody3D" groups=["players"]]
collision_layer = 2
collision_mask = 3
platform_floor_layers = 4278190080
script = ExtResource("1_bax7o")

[node name="Collision" type="CollisionShape3D" parent="."]
transform = Transform3D(1, 0, 0, 0, 1, 0, 0, 0, 1, 0, 0.875, 0)
shape = SubResource("CapsuleShape3D_5yxej")

[node name="Weapons" type="Node3D" parent="."]
transform = Transform3D(0.855756, -0.0739707, 0.512065, -0.214574, 0.849854, 0.481359, -0.470786, -0.521802, 0.711395, 0.164513, 1.4356, -0.372978)

[node name="Slapper" parent="Weapons" instance=ExtResource("2_26305")]
transform = Transform3D(-0.224442, -0.501342, 0.835634, -0.399893, 0.829368, 0.390176, -0.888659, -0.246592, -0.386628, 0.00662899, -0.0015403, 0.0135412)
visible = false

[node name="Pistol" parent="Weapons" instance=ExtResource("3_c6pft")]
transform = Transform3D(0.907643, -0.419078, 0.0236713, 0.0267876, 0.00155281, -0.99964, 0.41889, 0.90795, 0.0126354, -0.0382926, -0.0126591, 0.00222373)
visible = false

[node name="SMG" parent="Weapons" instance=ExtResource("4_bxvtu")]
transform = Transform3D(0.898794, -0.438371, 1.11759e-08, 9.31323e-09, -4.48199e-08, -1, 0.438371, 0.898794, -3.81842e-08, -0.033591, -0.0112215, -0.00850368)
visible = false

[node name="Rifle" parent="Weapons" instance=ExtResource("4_7rqvl")]
transform = Transform3D(0.873686, -0.485679, 0.0280673, 0.0243102, -0.0140355, -0.999606, 0.485882, 0.874024, -0.000455644, -0.0376089, -0.0336642, 0.0125195)
visible = false

[node name="Shotgun" parent="Weapons" instance=ExtResource("5_gqd55")]
transform = Transform3D(0.877343, -0.479192, 0.0253764, 0.0240809, -0.00885019, -0.999671, 0.479259, 0.877665, 0.00377468, -0.044263, -0.00856596, 0.0186746)
visible = false

[node name="AimHelper" type="Node3D" parent="."]
transform = Transform3D(1, 0, 0, 0, 1, 0, 0, 0, 1, 0, 1.65, 0)

[node name="Camera" type="Camera3D" parent="AimHelper"]
unique_name_in_owner = true
transform = Transform3D(1, 0, 0, 0, 0.97237, 0.233445, 0, -0.233445, 0.97237, 0, 0.5, 0.75)
cull_mask = 1048551

[node name="ShootCast" type="RayCast3D" parent="AimHelper"]
unique_name_in_owner = true
target_position = Vector3(0, 0, -999)
collision_mask = 9
hit_back_faces = false
collide_with_areas = true

[node name="Puppet" parent="." instance=ExtResource("6_7o0ro")]

[node name="Skeleton3D" parent="Puppet" index="2"]
bones/1/position = Vector3(-1.32867e-09, 0.883653, -0.0641973)
bones/2/rotation = Quaternion(-0.135018, 0.000798874, 0.00308728, 0.990838)
bones/4/rotation = Quaternion(0.0906827, 0.0132696, 0.0185991, 0.995618)
bones/5/rotation = Quaternion(-0.0124161, -4.84806e-05, -0.000276392, 0.999923)
bones/7/rotation = Quaternion(-0.176033, 0.246994, -0.497586, 0.812658)
bones/8/rotation = Quaternion(0.261552, 0.0351871, -0.0509253, 0.963202)
bones/9/rotation = Quaternion(-0.0285191, -0.333191, -0.00649677, 0.942406)
bones/11/rotation = Quaternion(-0.139219, -0.0289119, 0.153016, 0.977941)
bones/12/rotation = Quaternion(-0.0728706, -0.00440988, -0.0389535, 0.996571)
bones/14/rotation = Quaternion(0.0619968, -0.170386, -0.0850947, 0.979737)
bones/15/rotation = Quaternion(0.0688573, 0.146545, 0.0441172, 0.985818)
bones/17/rotation = Quaternion(-0.315425, -0.0323284, 0.255867, 0.913233)
bones/18/rotation = Quaternion(-0.0645516, 0.0977242, -0.0941116, 0.988649)
bones/20/rotation = Quaternion(0.173181, 0.0968694, 0.523258, 0.82875)
bones/21/rotation = Quaternion(0.708608, -0.0252576, 0.137975, 0.69152)
bones/22/rotation = Quaternion(0.179072, 0.228574, -0.0469769, 0.955762)
bones/24/rotation = Quaternion(-0.144916, 0.0480409, -0.149445, 0.976912)
bones/25/rotation = Quaternion(-0.0697523, 0.00689053, 0.0346809, 0.996938)
bones/27/rotation = Quaternion(0.102769, 0.15697, 0.112728, 0.975752)
bones/28/rotation = Quaternion(0.0757788, -0.141969, -0.0516722, 0.985613)
bones/30/rotation = Quaternion(-0.54112, -0.392861, 0.597348, 0.442747)
bones/31/rotation = Quaternion(-0.291467, -0.110498, 0.336933, 0.888433)
bones/33/rotation = Quaternion(-0.579235, 0.201925, -0.189579, 0.766664)
bones/34/rotation = Quaternion(-0.120403, 0.00382146, 0.184468, 0.975428)
bones/35/rotation = Quaternion(0.276924, -0.127996, -0.650725, 0.695333)
bones/36/rotation = Quaternion(0.00495412, -0.00577786, -0.163837, 0.986458)
bones/38/rotation = Quaternion(-0.517519, -0.0451113, 0.348336, 0.780257)
bones/39/rotation = Quaternion(-0.15522, -0.0037564, -0.237811, 0.958821)
bones/40/rotation = Quaternion(0.230904, 0.126354, 0.532983, 0.804143)
bones/41/rotation = Quaternion(0.00495411, 0.00577787, 0.163837, 0.986458)

[node name="Head" parent="Puppet/Skeleton3D" index="1"]
transform = Transform3D(-0.999999, -0.00145095, 0.000222774, -0.00146444, 0.975557, -0.21974, 0.000101502, -0.21974, -0.975558, -0.000237407, 1.56358, -0.0486301)

[node name="Neck" parent="Puppet/Skeleton3D" index="2"]
transform = Transform3D(-1, -0.000893435, 0.000154916, -0.000904239, 0.969801, -0.243896, 6.76662e-05, -0.243896, -0.969801, -0.000180061, 1.50133, -0.0329754)

[node name="Chest" parent="Puppet/Skeleton3D" index="3"]
transform = Transform3D(-0.99998, 0.00633381, -0.000749811, 0.00610474, 0.984538, 0.175063, 0.00184703, 0.175055, -0.984557, -2.23526e-09, 1.12182, -0.0868667)

[node name="Stomach" parent="Puppet/Skeleton3D" index="4"]
transform = Transform3D(-1, -3.78941e-09, -3.89234e-07, 3.31093e-08, 0.995501, -0.0947544, 3.87842e-07, -0.0947544, -0.995501, -1.32867e-09, 0.883653, -0.0641973)

[node name="R_UpperArm" parent="Puppet/Skeleton3D" index="5"]
transform = Transform3D(0.988573, 0.147179, -0.0325849, 0.134331, -0.762036, 0.633448, 0.0683991, -0.630586, -0.773099, 0.194837, 1.38434, -0.0380672)

[node name="R_Forearm" parent="Puppet/Skeleton3D" index="6"]
transform = Transform3D(0.96498, -0.261967, 0.0136872, 0.1569, 0.618195, 0.770207, -0.21023, -0.741086, 0.637648, 0.225549, 1.22532, -0.169653)

[node name="R_Hand" parent="Puppet/Skeleton3D" index="7"]
transform = Transform3D(0.855756, -0.0739707, 0.512065, -0.214574, 0.849854, 0.481359, -0.470786, -0.521802, 0.711395, 0.171769, 1.35223, -0.321794)

[node name="GunTransform" parent="Puppet/Skeleton3D/R_Hand" index="1"]
transform = Transform3D(1, 0, 2.98023e-08, 0, 1, -2.98023e-08, 5.96046e-08, 0, 1, 0, 0.0980922, -5.96046e-08)
remote_path = NodePath("../../../../Weapons")

[node name="L_UpperArm" parent="Puppet/Skeleton3D" index="8"]
transform = Transform3D(0.978601, -0.183589, 0.0929246, -0.148345, -0.942432, -0.299693, 0.142595, 0.279495, -0.949499, -0.195085, 1.38415, -0.0380529)

[node name="L_Forearm" parent="Puppet/Skeleton3D" index="9"]
transform = Transform3D(0.976959, 0.00298571, 0.213406, -0.0438022, -0.975813, 0.214177, 0.208883, -0.21859, -0.953198, -0.233395, 1.18749, 0.0202699)

[node name="L_Hand" parent="Puppet/Skeleton3D" index="10"]
transform = Transform3D(0.894078, 0.0229631, -0.447322, 0.093914, -0.986097, 0.137088, -0.437954, -0.164577, -0.883804, -0.232782, 0.98716, -0.0246051)

[node name="R_Thigh" parent="Puppet/Skeleton3D" index="11"]
transform = Transform3D(0.489047, 0.0639421, 0.869911, -0.334988, -0.907061, 0.254997, 0.805367, -0.416115, -0.422175, 0.0851499, 0.866164, -0.0593682)

[node name="R_Shin" parent="Puppet/Skeleton3D" index="12"]
transform = Transform3D(0.475121, 0.0198413, 0.879697, 0.136169, -0.98936, -0.0512295, 0.869321, 0.144128, -0.472767, 0.112016, 0.485053, -0.234203)

[node name="R_Foot" parent="Puppet/Skeleton3D" index="13"]
transform = Transform3D(0.245939, 0.0720782, 0.966602, -0.853541, -0.456465, 0.25121, 0.459327, -0.886817, -0.0507409, 0.11946, 0.113838, -0.180125)

[node name="L_Thigh" parent="Puppet/Skeleton3D" index="14"]
transform = Transform3D(0.499128, -0.0559913, -0.864718, -0.0573296, -0.997858, 0.0315207, -0.86463, 0.033841, -0.501268, -0.0851499, 0.866164, -0.0593682)

[node name="L_Shin" parent="Puppet/Skeleton3D" index="15"]
transform = Transform3D(0.489904, -0.0287444, -0.871302, -0.413243, -0.88769, -0.203068, -0.767609, 0.459544, -0.446761, -0.108675, 0.446904, -0.0451496)

[node name="L_Foot" parent="Puppet/Skeleton3D" index="16"]
transform = Transform3D(0.245938, -0.0720761, -0.966602, 0.853542, -0.456465, 0.251209, -0.459327, -0.886817, -0.0507423, -0.11946, 0.113836, 0.127274)

[node name="DmgLbl" type="Node3D" parent="."]
transform = Transform3D(1, 0, 0, 0, 1, 0, 0, 0, 1, 0, 1.88315, 0)

[node name="Voice" type="Node3D" parent="."]
script = ExtResource("4_8ihun")

[node name="Slapped" type="AudioStreamPlayer3D" parent="."]
stream = ExtResource("5_tm5o4")
bus = &"SFX"

[node name="Footsteps" type="Node3D" parent="."]
script = ExtResource("9_druge")

[node name="Footsteps1" type="AudioStreamPlayer3D" parent="Footsteps"]
stream = ExtResource("9_4go11")
unit_size = 2.0
max_distance = 3.0
bus = &"SFX"

[node name="Footsteps2" type="AudioStreamPlayer3D" parent="Footsteps"]
stream = ExtResource("10_i4x8w")
unit_size = 2.0
max_distance = 3.0
bus = &"SFX"

[node name="Footsteps3" type="AudioStreamPlayer3D" parent="Footsteps"]
stream = ExtResource("11_ccipe")
unit_size = 2.0
max_distance = 3.0
bus = &"SFX"

[node name="Footsteps4" type="AudioStreamPlayer3D" parent="Footsteps"]
stream = ExtResource("12_hl0ln")
unit_size = 2.0
max_distance = 3.0
bus = &"SFX"

[connection signal="take_damage" from="Puppet/Skeleton3D/Head/HeadArea" to="." method="take_damage"]
[connection signal="take_damage" from="Puppet/Skeleton3D/Neck/NeckArea" to="." method="take_damage"]
[connection signal="take_damage" from="Puppet/Skeleton3D/Chest/ChestArea" to="." method="take_damage"]
[connection signal="take_damage" from="Puppet/Skeleton3D/Stomach/StomachArea" to="." method="take_damage"]
[connection signal="take_damage" from="Puppet/Skeleton3D/R_UpperArm/R_UpperArmArea" to="." method="take_damage"]
[connection signal="take_damage" from="Puppet/Skeleton3D/R_Forearm/R_ForearmArea" to="." method="take_damage"]
[connection signal="take_damage" from="Puppet/Skeleton3D/R_Hand/R_HandArea" to="." method="take_damage"]
[connection signal="take_damage" from="Puppet/Skeleton3D/L_UpperArm/L_UpperArmArea" to="." method="take_damage"]
[connection signal="take_damage" from="Puppet/Skeleton3D/L_Forearm/L_ForearmArea" to="." method="take_damage"]
[connection signal="take_damage" from="Puppet/Skeleton3D/L_Hand/L_HandArea" to="." method="take_damage"]
[connection signal="take_damage" from="Puppet/Skeleton3D/R_Thigh/R_ThighArea" to="." method="take_damage"]
[connection signal="take_damage" from="Puppet/Skeleton3D/R_Shin/R_ShinArea" to="." method="take_damage"]
[connection signal="take_damage" from="Puppet/Skeleton3D/R_Foot/R_FootArea" to="." method="take_damage"]
[connection signal="take_damage" from="Puppet/Skeleton3D/L_Thigh/L_ThighArea" to="." method="take_damage"]
[connection signal="take_damage" from="Puppet/Skeleton3D/L_Shin/L_ShinArea" to="." method="take_damage"]
[connection signal="take_damage" from="Puppet/Skeleton3D/L_Foot/L_FootArea" to="." method="take_damage"]

[editable path="Weapons/Pistol"]
[editable path="Weapons/Pistol/Mesh"]
[editable path="Weapons/SMG"]
[editable path="Weapons/SMG/Mesh"]
[editable path="Weapons/Rifle"]
[editable path="Weapons/Shotgun"]
[editable path="Puppet"]
