[gd_scene load_steps=15 format=3 uid="uid://1s5qidco641t"]

[ext_resource type="Script" path="res://Characters/CharacterBase.gd" id="1_bax7o"]
[ext_resource type="PackedScene" uid="uid://ckqtvo1inhvtn" path="res://Props/Weapons/Slapper/Slapper.tscn" id="2_26305"]
[ext_resource type="PackedScene" uid="uid://bwie7ixf4v1vw" path="res://Props/Weapons/Pistol/Pistol.tscn" id="3_c6pft"]
[ext_resource type="PackedScene" uid="uid://bhxw75oi8yofw" path="res://Props/Weapons/Rifle/Rifle.tscn" id="4_7rqvl"]
[ext_resource type="Script" path="res://Characters/Voice.gd" id="4_8ihun"]
[ext_resource type="PackedScene" uid="uid://dh23vd3s1cpss" path="res://Props/Weapons/SMG/SMG.tscn" id="4_bxvtu"]
[ext_resource type="PackedScene" uid="uid://barsvh0ntyosw" path="res://Props/Weapons/Shotgun/Shotgun.tscn" id="5_gqd55"]
[ext_resource type="AudioStream" uid="uid://dvwslqt03fwb6" path="res://Props/Weapons/Slapper/Slap.ogg" id="5_tm5o4"]
[ext_resource type="PackedScene" uid="uid://bj70y5rv73685" path="res://Characters/PuppetBase.tscn" id="6_7o0ro"]
[ext_resource type="AudioStream" uid="uid://b56r0e1ges6xc" path="res://Characters/Audio/footstep1.ogg" id="9_4go11"]
[ext_resource type="Script" path="res://RandomAudio.gd" id="9_druge"]
[ext_resource type="AudioStream" uid="uid://doju4xf4dtgt" path="res://Characters/Audio/footstep2.ogg" id="10_i4x8w"]
[ext_resource type="AudioStream" uid="uid://cxbr801up84rw" path="res://Characters/Audio/footstep4.ogg" id="12_hl0ln"]

[sub_resource type="CapsuleShape3D" id="CapsuleShape3D_5yxej"]
radius = 0.35
height = 1.8

[node name="CharacterBase" type="CharacterBody3D" groups=["players"]]
collision_layer = 2
collision_mask = 3
platform_floor_layers = 4278190080
script = ExtResource("1_bax7o")

[node name="Collision" type="CollisionShape3D" parent="."]
transform = Transform3D(1, 0, 0, 0, 1, 0, 0, 0, 1, 0, 0.875, 0)
shape = SubResource("CapsuleShape3D_5yxej")

[node name="Weapons" type="Node3D" parent="."]
transform = Transform3D(0.844516, -0.0738549, 0.530413, -0.253844, 0.816902, 0.517914, -0.471546, -0.572029, 0.671139, 0.168186, 1.46318, -0.380675)

[node name="Slapper" parent="Weapons" instance=ExtResource("2_26305")]
transform = Transform3D(-0.224442, -0.501342, 0.835634, -0.399893, 0.829368, 0.390176, -0.888659, -0.246592, -0.386628, 0.00662899, -0.0015403, 0.0135412)
visible = false

[node name="Pistol" parent="Weapons" instance=ExtResource("3_c6pft")]
transform = Transform3D(0.907643, -0.419078, 0.0236713, 0.0267876, 0.00155281, -0.99964, 0.41889, 0.90795, 0.0126354, -0.0382926, -0.0126591, 0.00222373)
visible = false

[node name="SMG" parent="Weapons" instance=ExtResource("4_bxvtu")]
transform = Transform3D(0.898794, -0.438371, 1.11759e-08, 9.31323e-09, -4.48199e-08, -1, 0.438371, 0.898794, -3.81842e-08, -0.033591, -0.0112215, -0.00850368)
visible = false

[node name="Rifle" parent="Weapons" instance=ExtResource("4_7rqvl")]
transform = Transform3D(0.873686, -0.485679, 0.0280673, 0.0243102, -0.0140355, -0.999606, 0.485882, 0.874024, -0.000455644, -0.0376089, -0.0336642, 0.0125195)
visible = false

[node name="Shotgun" parent="Weapons" instance=ExtResource("5_gqd55")]
transform = Transform3D(0.877343, -0.479192, 0.0253764, 0.0240809, -0.00885019, -0.999671, 0.479259, 0.877665, 0.00377468, -0.044263, -0.00856596, 0.0186746)
visible = false

[node name="AimHelper" type="Node3D" parent="."]
transform = Transform3D(1, 0, 0, 0, 1, 0, 0, 0, 1, 0, 1.65, 0)

[node name="Camera" type="Camera3D" parent="AimHelper"]
unique_name_in_owner = true
transform = Transform3D(1, 0, 0, 0, 0.97237, 0.233445, 0, -0.233445, 0.97237, 0, 0.5, 0.75)
cull_mask = 1048551

[node name="ShootCast" type="RayCast3D" parent="AimHelper"]
unique_name_in_owner = true
target_position = Vector3(0, 0, -999)
collision_mask = 9
hit_back_faces = false
collide_with_areas = true

[node name="Puppet" parent="." instance=ExtResource("6_7o0ro")]

[node name="Skeleton3D" parent="Puppet" index="2"]
bones/1/position = Vector3(-9.05012e-10, 0.896449, -0.0641973)
bones/2/rotation = Quaternion(-0.143637, 0.000915153, 0.00241361, 0.989627)
bones/4/rotation = Quaternion(0.0830473, 0.0131016, 0.0181137, 0.996295)
bones/5/rotation = Quaternion(-0.0226036, -0.000165389, -0.00105407, 0.999744)
bones/7/rotation = Quaternion(-0.18843, 0.258053, -0.48909, 0.8116)
bones/8/rotation = Quaternion(0.25733, 0.035221, -0.0501064, 0.964381)
bones/9/rotation = Quaternion(-0.00807171, -0.334645, -0.0177249, 0.942143)
bones/11/rotation = Quaternion(-0.137397, -0.0284326, 0.15814, 0.977397)
bones/12/rotation = Quaternion(-0.0728706, -0.00440988, -0.0389535, 0.996571)
bones/14/rotation = Quaternion(0.0639736, -0.172066, -0.0800859, 0.979738)
bones/15/rotation = Quaternion(0.0688573, 0.146545, 0.0441172, 0.985818)
bones/17/rotation = Quaternion(-0.304929, -0.0308345, 0.276482, 0.910838)
bones/18/rotation = Quaternion(-0.0645516, 0.0977242, -0.0941116, 0.988649)
bones/20/rotation = Quaternion(0.199767, 0.117283, 0.509123, 0.828934)
bones/21/rotation = Quaternion(0.695863, -0.0257429, 0.135493, 0.704808)
bones/22/rotation = Quaternion(0.131819, 0.265299, -0.0642477, 0.952949)
bones/24/rotation = Quaternion(-0.131281, 0.0437217, -0.137493, 0.98079)
bones/25/rotation = Quaternion(-0.0608252, 0.0137415, 0.022543, 0.997799)
bones/27/rotation = Quaternion(0.0956518, 0.160877, 0.105768, 0.976618)
bones/28/rotation = Quaternion(0.0956481, -0.12948, -0.0731621, 0.984243)
bones/30/rotation = Quaternion(-0.52251, -0.384671, 0.592793, 0.477083)
bones/31/rotation = Quaternion(-0.291467, -0.110498, 0.336933, 0.888433)
bones/33/rotation = Quaternion(-0.588919, 0.225528, -0.159934, 0.759429)
bones/34/rotation = Quaternion(-0.072772, 0.00388285, 0.111493, 0.99109)
bones/35/rotation = Quaternion(0.263843, -0.134273, -0.617896, 0.728397)
bones/36/rotation = Quaternion(0.00495412, -0.00577786, -0.163837, 0.986458)
bones/38/rotation = Quaternion(-0.529263, -0.0647054, 0.327645, 0.779963)
bones/39/rotation = Quaternion(-0.122044, -0.00381879, -0.186982, 0.974745)
bones/40/rotation = Quaternion(0.220446, 0.129942, 0.508859, 0.821937)
bones/41/rotation = Quaternion(0.00495411, 0.00577787, 0.163837, 0.986458)

[node name="Head" parent="Puppet/Skeleton3D" index="1"]
transform = Transform3D(-0.999985, -0.00552701, 0.00059169, -0.00554798, 0.985832, -0.167642, 0.000343254, -0.167643, -0.985848, -0.000898451, 1.57585, -0.0399857)

[node name="Neck" parent="Puppet/Skeleton3D" index="2"]
transform = Transform3D(-0.999994, -0.0033945, 0.000462539, -0.00341539, 0.977258, -0.212028, 0.000267711, -0.212028, -0.977263, -0.000680572, 1.51313, -0.0263765)

[node name="Chest" parent="Puppet/Skeleton3D" index="3"]
transform = Transform3D(-0.999987, 0.00504016, -0.00111832, 0.00473131, 0.981349, 0.192176, 0.00206606, 0.192168, -0.98136, -1.81161e-09, 1.13462, -0.0868667)

[node name="Stomach" parent="Puppet/Skeleton3D" index="4"]
transform = Transform3D(-1, -3.78941e-09, -3.89234e-07, 3.31093e-08, 0.995501, -0.0947544, 3.87842e-07, -0.0947544, -0.995501, -9.05012e-10, 0.896449, -0.0641973)

[node name="R_UpperArm" parent="Puppet/Skeleton3D" index="5"]
transform = Transform3D(0.984369, 0.170704, -0.0433332, 0.152275, -0.701313, 0.6964, 0.0884883, -0.692113, -0.716345, 0.194492, 1.3965, -0.0335264)

[node name="R_Forearm" parent="Puppet/Skeleton3D" index="6"]
transform = Transform3D(0.963665, -0.26636, -0.0200424, 0.194252, 0.647324, 0.737047, -0.183346, -0.714159, 0.675545, 0.230113, 1.25016, -0.177951)

[node name="R_Hand" parent="Puppet/Skeleton3D" index="7"]
transform = Transform3D(0.844516, -0.0738549, 0.530413, -0.253844, 0.816902, 0.517914, -0.471546, -0.572029, 0.671139, 0.175431, 1.38305, -0.324564)

[node name="GunTransform" parent="Puppet/Skeleton3D/R_Hand" index="1"]
transform = Transform3D(1, 0, 2.98023e-08, 0, 1, -2.98023e-08, 5.96046e-08, 0, 1, 0, 0.0980922, -5.96046e-08)
remote_path = NodePath("../../../../Weapons")

[node name="L_UpperArm" parent="Puppet/Skeleton3D" index="8"]
transform = Transform3D(0.976538, -0.195846, 0.0895386, -0.158451, -0.935058, -0.317111, 0.145829, 0.295484, -0.944152, -0.195429, 1.39579, -0.0334712)

[node name="L_Forearm" parent="Puppet/Skeleton3D" index="9"]
transform = Transform3D(0.976198, -0.0127231, 0.21651, -0.054125, -0.980984, 0.186392, 0.210021, -0.193674, -0.958322, -0.236297, 1.20067, 0.0281879)

[node name="L_Hand" parent="Puppet/Skeleton3D" index="10"]
transform = Transform3D(0.893883, 0.0244397, -0.447634, 0.103082, -0.982963, 0.152177, -0.436288, -0.182171, -0.881173, -0.238909, 0.999281, -0.0115719)

[node name="R_Thigh" parent="Puppet/Skeleton3D" index="11"]
transform = Transform3D(0.486762, 0.0592386, 0.871524, -0.287568, -0.931219, 0.223908, 0.824844, -0.359613, -0.436247, 0.0851499, 0.878959, -0.0593682)

[node name="R_Shin" parent="Puppet/Skeleton3D" index="12"]
transform = Transform3D(0.477437, 0.0251083, 0.878307, 0.0830138, -0.996409, -0.0166407, 0.874736, 0.0808565, -0.477807, 0.11004, 0.487698, -0.210463)

[node name="R_Foot" parent="Puppet/Skeleton3D" index="13"]
transform = Transform3D(0.245939, 0.0720783, 0.966602, -0.853541, -0.456466, 0.25121, 0.459327, -0.886817, -0.0507409, 0.11946, 0.113839, -0.180125)

[node name="L_Thigh" parent="Puppet/Skeleton3D" index="14"]
transform = Transform3D(0.496547, -0.0506972, -0.866528, -0.123211, -0.992301, -0.012548, -0.859221, 0.112996, -0.498971, -0.0851499, 0.878959, -0.0593682)

[node name="L_Shin" parent="Puppet/Skeleton3D" index="15"]
transform = Transform3D(0.493743, -0.0346732, -0.868917, -0.338581, -0.928023, -0.155359, -0.800988, 0.370906, -0.469944, -0.106451, 0.462034, -0.0118917)

[node name="L_Foot" parent="Puppet/Skeleton3D" index="16"]
transform = Transform3D(0.245938, -0.0720759, -0.966602, 0.853542, -0.456465, 0.251208, -0.459326, -0.886817, -0.0507424, -0.11946, 0.113834, 0.127275)

[node name="DmgLbl" type="Node3D" parent="."]
transform = Transform3D(1, 0, 0, 0, 1, 0, 0, 0, 1, 0, 1.88315, 0)

[node name="Voice" type="Node3D" parent="."]
script = ExtResource("4_8ihun")

[node name="Slapped" type="AudioStreamPlayer3D" parent="."]
stream = ExtResource("5_tm5o4")
bus = &"SFX"

[node name="Footsteps" type="Node3D" parent="."]
script = ExtResource("9_druge")

[node name="Footsteps1" type="AudioStreamPlayer3D" parent="Footsteps"]
stream = ExtResource("9_4go11")
unit_size = 2.0
max_distance = 3.0
bus = &"SFX"

[node name="Footsteps2" type="AudioStreamPlayer3D" parent="Footsteps"]
stream = ExtResource("10_i4x8w")
unit_size = 2.0
max_distance = 3.0
bus = &"SFX"

[node name="Footsteps3" type="AudioStreamPlayer3D" parent="Footsteps"]
stream = ExtResource("12_hl0ln")
unit_size = 2.0
max_distance = 3.0
bus = &"SFX"

[connection signal="take_damage" from="Puppet/Skeleton3D/Head/HeadArea" to="." method="take_damage"]
[connection signal="take_damage" from="Puppet/Skeleton3D/Neck/NeckArea" to="." method="take_damage"]
[connection signal="take_damage" from="Puppet/Skeleton3D/Chest/ChestArea" to="." method="take_damage"]
[connection signal="take_damage" from="Puppet/Skeleton3D/Stomach/StomachArea" to="." method="take_damage"]
[connection signal="take_damage" from="Puppet/Skeleton3D/R_UpperArm/R_UpperArmArea" to="." method="take_damage"]
[connection signal="take_damage" from="Puppet/Skeleton3D/R_Forearm/R_ForearmArea" to="." method="take_damage"]
[connection signal="take_damage" from="Puppet/Skeleton3D/R_Hand/R_HandArea" to="." method="take_damage"]
[connection signal="take_damage" from="Puppet/Skeleton3D/L_UpperArm/L_UpperArmArea" to="." method="take_damage"]
[connection signal="take_damage" from="Puppet/Skeleton3D/L_Forearm/L_ForearmArea" to="." method="take_damage"]
[connection signal="take_damage" from="Puppet/Skeleton3D/L_Hand/L_HandArea" to="." method="take_damage"]
[connection signal="take_damage" from="Puppet/Skeleton3D/R_Thigh/R_ThighArea" to="." method="take_damage"]
[connection signal="take_damage" from="Puppet/Skeleton3D/R_Shin/R_ShinArea" to="." method="take_damage"]
[connection signal="take_damage" from="Puppet/Skeleton3D/R_Foot/R_FootArea" to="." method="take_damage"]
[connection signal="take_damage" from="Puppet/Skeleton3D/L_Thigh/L_ThighArea" to="." method="take_damage"]
[connection signal="take_damage" from="Puppet/Skeleton3D/L_Shin/L_ShinArea" to="." method="take_damage"]
[connection signal="take_damage" from="Puppet/Skeleton3D/L_Foot/L_FootArea" to="." method="take_damage"]

[editable path="Weapons/Pistol"]
[editable path="Weapons/Pistol/Mesh"]
[editable path="Weapons/SMG"]
[editable path="Weapons/SMG/Mesh"]
[editable path="Weapons/Rifle"]
[editable path="Weapons/Shotgun"]
[editable path="Puppet"]
