[gd_scene load_steps=16 format=3 uid="uid://1s5qidco641t"]

[ext_resource type="Script" path="res://Characters/CharacterBase.gd" id="1_bax7o"]
[ext_resource type="PackedScene" uid="uid://ckqtvo1inhvtn" path="res://Props/Weapons/Slapper/Slapper.tscn" id="2_26305"]
[ext_resource type="PackedScene" uid="uid://bwie7ixf4v1vw" path="res://Props/Weapons/Pistol/Pistol.tscn" id="3_c6pft"]
[ext_resource type="PackedScene" uid="uid://bhxw75oi8yofw" path="res://Props/Weapons/Rifle/Rifle.tscn" id="4_7rqvl"]
[ext_resource type="Script" path="res://Characters/Multiplayer/Voice.gd" id="4_8ihun"]
[ext_resource type="PackedScene" uid="uid://dh23vd3s1cpss" path="res://Props/Weapons/SMG/SMG.tscn" id="4_bxvtu"]
[ext_resource type="PackedScene" uid="uid://barsvh0ntyosw" path="res://Props/Weapons/Shotgun/Shotgun.tscn" id="5_gqd55"]
[ext_resource type="AudioStream" uid="uid://dvwslqt03fwb6" path="res://Props/Weapons/Slapper/Slap.ogg" id="5_tm5o4"]
[ext_resource type="PackedScene" uid="uid://bj70y5rv73685" path="res://Characters/PuppetBase.tscn" id="6_7o0ro"]
[ext_resource type="PackedScene" uid="uid://dlgv171g6as4t" path="res://Props/Weapons/Sniper/Sniper.tscn" id="7_3u6w3"]
[ext_resource type="AudioStream" uid="uid://b56r0e1ges6xc" path="res://Characters/Audio/footstep1.ogg" id="9_4go11"]
[ext_resource type="Script" path="res://RandomAudio.gd" id="9_druge"]
[ext_resource type="AudioStream" uid="uid://doju4xf4dtgt" path="res://Characters/Audio/footstep2.ogg" id="10_i4x8w"]
[ext_resource type="AudioStream" uid="uid://cxbr801up84rw" path="res://Characters/Audio/footstep4.ogg" id="12_hl0ln"]

[sub_resource type="CapsuleShape3D" id="CapsuleShape3D_5yxej"]
radius = 0.35
height = 1.8

[node name="CharacterBase" type="CharacterBody3D" groups=["players"]]
collision_layer = 2
collision_mask = 3
platform_floor_layers = 4278190080
script = ExtResource("1_bax7o")

[node name="Collision" type="CollisionShape3D" parent="."]
transform = Transform3D(1, 0, 0, 0, 1, 0, 0, 0, 1, 0, 0.9, 0)
shape = SubResource("CapsuleShape3D_5yxej")

[node name="StepCast" type="RayCast3D" parent="."]
transform = Transform3D(1, 0, 0, 0, 1, 0, 0, 0, 1, 0, 0.35, -0.35)
target_position = Vector3(0, -0.35, 0)

[node name="Weapons" type="Node3D" parent="."]
transform = Transform3D(0.858346, -0.0754744, 0.507491, -0.201307, 0.860266, 0.468421, -0.47193, -0.504229, 0.723212, 0.16318, 1.42675, -0.370259)

[node name="Slapper" parent="Weapons" instance=ExtResource("2_26305")]
transform = Transform3D(-0.224442, -0.501342, 0.835634, -0.399893, 0.829368, 0.390176, -0.888659, -0.246592, -0.386628, 0.00662899, -0.0015403, 0.0135412)
visible = false

[node name="Pistol" parent="Weapons" instance=ExtResource("3_c6pft")]
transform = Transform3D(0.907643, -0.419078, 0.0236713, 0.0267876, 0.00155281, -0.99964, 0.41889, 0.90795, 0.0126354, -0.0382926, -0.0126591, 0.00222373)
visible = false

[node name="SMG" parent="Weapons" instance=ExtResource("4_bxvtu")]
transform = Transform3D(0.898794, -0.438371, 1.11759e-08, 9.31323e-09, -4.48199e-08, -1, 0.438371, 0.898794, -3.81842e-08, -0.033591, -0.0112215, -0.00850368)
visible = false

[node name="Rifle" parent="Weapons" instance=ExtResource("4_7rqvl")]
transform = Transform3D(0.873686, -0.485679, 0.0280673, 0.0243102, -0.0140355, -0.999606, 0.485882, 0.874024, -0.000455644, -0.0376089, -0.0336642, 0.0125195)
visible = false

[node name="Shotgun" parent="Weapons" instance=ExtResource("5_gqd55")]
transform = Transform3D(0.877343, -0.479192, 0.0253764, 0.0240809, -0.00885019, -0.999671, 0.479259, 0.877665, 0.00377468, -0.044263, -0.00856596, 0.0186746)
visible = false

[node name="Sniper" parent="Weapons" instance=ExtResource("7_3u6w3")]
transform = Transform3D(0.873686, -0.48568, 0.0280686, 0.0243113, -0.0140362, -0.999606, 0.485882, 0.874024, -0.000455685, -0.0376089, -0.0336642, 0.0125195)
visible = false

[node name="AimHelper" type="Node3D" parent="."]
transform = Transform3D(1, 0, 0, 0, 1, 0, 0, 0, 1, 0, 1.65, 0)

[node name="Camera" type="Camera3D" parent="AimHelper"]
unique_name_in_owner = true
transform = Transform3D(1, 0, 0, 0, 0.97237, 0.233445, 0, -0.233445, 0.97237, 0, 0.5, 0.75)
cull_mask = 1048551

[node name="ShootCast" type="RayCast3D" parent="AimHelper"]
unique_name_in_owner = true
target_position = Vector3(0, 0, -999)
collision_mask = 9
hit_back_faces = false
collide_with_areas = true

[node name="Puppet" parent="." instance=ExtResource("6_7o0ro")]

[node name="Skeleton3D" parent="Puppet" index="2"]
bones/1/position = Vector3(-1.46463e-09, 0.879547, -0.0641973)
bones/2/rotation = Quaternion(-0.132227, 0.000763779, 0.00330568, 0.991214)
bones/4/rotation = Quaternion(0.0931348, 0.0133313, 0.0187558, 0.995388)
bones/5/rotation = Quaternion(-0.00917208, -5.99237e-06, -2.93232e-05, 0.999958)
bones/7/rotation = Quaternion(-0.171518, 0.243115, -0.500573, 0.812959)
bones/8/rotation = Quaternion(0.261872, 0.0351778, -0.0509896, 0.963113)
bones/9/rotation = Quaternion(-0.0344725, -0.332723, -0.00319, 0.942389)
bones/11/rotation = Quaternion(-0.139806, -0.0290658, 0.151364, 0.97811)
bones/12/rotation = Quaternion(-0.0728706, -0.00440988, -0.0389535, 0.996571)
bones/14/rotation = Quaternion(0.0613431, -0.169822, -0.0867538, 0.97973)
bones/15/rotation = Quaternion(0.0688573, 0.146545, 0.0441172, 0.985818)
bones/17/rotation = Quaternion(-0.318769, -0.0327332, 0.249225, 0.913894)
bones/18/rotation = Quaternion(-0.0645516, 0.0977242, -0.0941116, 0.988649)
bones/20/rotation = Quaternion(0.164814, 0.0901448, 0.527408, 0.828584)
bones/21/rotation = Quaternion(0.712232, -0.0251161, 0.138681, 0.68765)
bones/22/rotation = Quaternion(0.195057, 0.217476, -0.0403077, 0.955527)
bones/24/rotation = Quaternion(-0.149256, 0.0494963, -0.153256, 0.975595)
bones/25/rotation = Quaternion(-0.0725757, 0.00464635, 0.0385489, 0.996607)
bones/27/rotation = Quaternion(0.105047, 0.155742, 0.114949, 0.975447)
bones/28/rotation = Quaternion(0.0695112, -0.146108, -0.0448325, 0.985805)
bones/30/rotation = Quaternion(-0.54672, -0.39564, 0.598684, 0.431444)
bones/31/rotation = Quaternion(-0.291467, -0.110498, 0.336933, 0.888433)
bones/33/rotation = Quaternion(-0.576721, 0.196154, -0.196658, 0.768272)
bones/34/rotation = Quaternion(-0.131983, 0.00380179, 0.202209, 0.970401)
bones/35/rotation = Quaternion(0.280035, -0.126347, -0.658694, 0.686833)
bones/36/rotation = Quaternion(0.00495412, -0.00577786, -0.163837, 0.986458)
bones/38/rotation = Quaternion(-0.514128, -0.0395954, 0.35406, 0.780222)
bones/39/rotation = Quaternion(-0.16436, -0.00373639, -0.251815, 0.953709)
bones/40/rotation = Quaternion(0.233745, 0.12531, 0.539575, 0.799074)
bones/41/rotation = Quaternion(0.00495411, 0.00577787, 0.163837, 0.986458)

[node name="Head" parent="Puppet/Skeleton3D" index="1"]
transform = Transform3D(-1, -0.000148332, 2.6916e-05, -0.00015049, 0.971672, -0.236335, 8.90652e-06, -0.236335, -0.971672, -2.28351e-05, 1.5596, -0.0514247)

[node name="Neck" parent="Puppet/Skeleton3D" index="2"]
transform = Transform3D(-1, -8.92789e-05, 1.71103e-05, -9.06951e-05, 0.967173, -0.254119, 6.143e-06, -0.254119, -0.967173, -1.71047e-05, 1.49752, -0.0351139)

[node name="Chest" parent="Puppet/Skeleton3D" index="3"]
transform = Transform3D(-0.999977, 0.00675536, -0.000640313, 0.00654905, 0.985506, 0.169515, 0.00177617, 0.169507, -0.985527, -2.37122e-09, 1.11771, -0.0868667)

[node name="Stomach" parent="Puppet/Skeleton3D" index="4"]
transform = Transform3D(-1, -3.78941e-09, -3.89234e-07, 3.31093e-08, 0.995501, -0.0947544, 3.87842e-07, -0.0947544, -0.995501, -1.46463e-09, 0.879547, -0.0641973)

[node name="R_UpperArm" parent="Puppet/Skeleton3D" index="5"]
transform = Transform3D(0.989713, 0.139866, -0.0300893, 0.128857, -0.780101, 0.61224, 0.0621592, -0.60982, -0.790099, 0.194949, 1.38042, -0.0395396)

[node name="R_Forearm" parent="Puppet/Skeleton3D" index="6"]
transform = Transform3D(0.965084, -0.260854, 0.0238248, 0.144955, 0.607614, 0.780892, -0.218175, -0.750174, 0.624211, 0.224135, 1.21763, -0.166792)

[node name="R_Hand" parent="Puppet/Skeleton3D" index="7"]
transform = Transform3D(0.858346, -0.0754744, 0.507491, -0.201307, 0.860266, 0.468421, -0.47193, -0.504229, 0.723212, 0.170584, 1.34237, -0.320798)

[node name="GunTransform" parent="Puppet/Skeleton3D/R_Hand" index="1"]
transform = Transform3D(1, 0, 2.98023e-08, 0, 1, -2.98023e-08, 5.96046e-08, 0, 1, 0, 0.0980922, -5.96046e-08)
remote_path = NodePath("../../../../Weapons")

[node name="L_UpperArm" parent="Puppet/Skeleton3D" index="8"]
transform = Transform3D(0.979287, -0.179199, 0.0942582, -0.144756, -0.945124, -0.292892, 0.141572, 0.273181, -0.951488, -0.194973, 1.3804, -0.0395383)

[node name="L_Forearm" parent="Puppet/Skeleton3D" index="9"]
transform = Transform3D(0.977166, 0.00774409, 0.212337, -0.0405624, -0.974158, 0.222195, 0.20857, -0.225734, -0.9516, -0.232367, 1.18318, 0.0174669)

[node name="L_Hand" parent="Puppet/Skeleton3D" index="10"]
transform = Transform3D(0.894129, 0.022671, -0.447236, 0.0913189, -0.986963, 0.132537, -0.4384, -0.159346, -0.884542, -0.230777, 0.983187, -0.0288748)

[node name="R_Thigh" parent="Puppet/Skeleton3D" index="11"]
transform = Transform3D(0.489699, 0.0652778, 0.869445, -0.348043, -0.899663, 0.263575, 0.799413, -0.431676, -0.417845, 0.0851499, 0.862057, -0.0593682)

[node name="R_Shin" parent="Puppet/Skeleton3D" index="12"]
transform = Transform3D(0.474473, 0.0183455, 0.880079, 0.15082, -0.986693, -0.0607432, 0.867253, 0.161555, -0.470926, 0.112577, 0.484055, -0.240741)

[node name="R_Foot" parent="Puppet/Skeleton3D" index="13"]
transform = Transform3D(0.245938, 0.0720785, 0.966602, -0.853541, -0.456466, 0.25121, 0.459327, -0.886817, -0.0507407, 0.11946, 0.113841, -0.180125)

[node name="L_Thigh" parent="Puppet/Skeleton3D" index="14"]
transform = Transform3D(0.499733, -0.057349, -0.864279, -0.0414319, -0.998246, 0.0422821, -0.865188, 0.0146789, -0.501232, -0.0851499, 0.862057, -0.0593682)

[node name="L_Shin" parent="Puppet/Skeleton3D" index="15"]
transform = Transform3D(0.488912, -0.0272235, -0.871909, -0.431369, -0.876299, -0.214524, -0.758212, 0.480998, -0.440176, -0.109246, 0.442634, -0.0532007)

[node name="L_Foot" parent="Puppet/Skeleton3D" index="16"]
transform = Transform3D(0.245938, -0.0720762, -0.966602, 0.853542, -0.456465, 0.251209, -0.459327, -0.886817, -0.0507422, -0.11946, 0.113841, 0.127273)

[node name="DmgLbl" type="Node3D" parent="."]
transform = Transform3D(1, 0, 0, 0, 1, 0, 0, 0, 1, 0, 1.88315, 0)

[node name="Voice" type="Node3D" parent="."]
script = ExtResource("4_8ihun")

[node name="Slapped" type="AudioStreamPlayer3D" parent="."]
stream = ExtResource("5_tm5o4")
bus = &"SFX"

[node name="Footsteps" type="Node3D" parent="."]
script = ExtResource("9_druge")

[node name="Footsteps1" type="AudioStreamPlayer3D" parent="Footsteps"]
stream = ExtResource("9_4go11")
unit_size = 2.0
max_distance = 3.0
bus = &"SFX"

[node name="Footsteps2" type="AudioStreamPlayer3D" parent="Footsteps"]
stream = ExtResource("10_i4x8w")
unit_size = 2.0
max_distance = 3.0
bus = &"SFX"

[node name="Footsteps3" type="AudioStreamPlayer3D" parent="Footsteps"]
stream = ExtResource("12_hl0ln")
unit_size = 2.0
max_distance = 3.0
bus = &"SFX"

[connection signal="take_damage" from="Puppet/Skeleton3D/Head/HeadArea" to="." method="take_damage"]
[connection signal="take_damage" from="Puppet/Skeleton3D/Neck/NeckArea" to="." method="take_damage"]
[connection signal="take_damage" from="Puppet/Skeleton3D/Chest/ChestArea" to="." method="take_damage"]
[connection signal="take_damage" from="Puppet/Skeleton3D/Stomach/StomachArea" to="." method="take_damage"]
[connection signal="take_damage" from="Puppet/Skeleton3D/R_UpperArm/R_UpperArmArea" to="." method="take_damage"]
[connection signal="take_damage" from="Puppet/Skeleton3D/R_Forearm/R_ForearmArea" to="." method="take_damage"]
[connection signal="take_damage" from="Puppet/Skeleton3D/R_Hand/R_HandArea" to="." method="take_damage"]
[connection signal="take_damage" from="Puppet/Skeleton3D/L_UpperArm/L_UpperArmArea" to="." method="take_damage"]
[connection signal="take_damage" from="Puppet/Skeleton3D/L_Forearm/L_ForearmArea" to="." method="take_damage"]
[connection signal="take_damage" from="Puppet/Skeleton3D/L_Hand/L_HandArea" to="." method="take_damage"]
[connection signal="take_damage" from="Puppet/Skeleton3D/R_Thigh/R_ThighArea" to="." method="take_damage"]
[connection signal="take_damage" from="Puppet/Skeleton3D/R_Shin/R_ShinArea" to="." method="take_damage"]
[connection signal="take_damage" from="Puppet/Skeleton3D/R_Foot/R_FootArea" to="." method="take_damage"]
[connection signal="take_damage" from="Puppet/Skeleton3D/L_Thigh/L_ThighArea" to="." method="take_damage"]
[connection signal="take_damage" from="Puppet/Skeleton3D/L_Shin/L_ShinArea" to="." method="take_damage"]
[connection signal="take_damage" from="Puppet/Skeleton3D/L_Foot/L_FootArea" to="." method="take_damage"]

[editable path="Weapons/Pistol"]
[editable path="Weapons/Pistol/Mesh"]
[editable path="Weapons/SMG"]
[editable path="Weapons/SMG/Mesh"]
[editable path="Weapons/Rifle"]
[editable path="Weapons/Shotgun"]
[editable path="Weapons/Sniper"]
[editable path="Puppet"]
