[gd_scene load_steps=28 format=3 uid="uid://65jhlh1xbkow"]

[ext_resource type="Script" path="res://Characters/CharacterBase.gd" id="1_hsiy1"]
[ext_resource type="PackedScene" uid="uid://31u0y7afils0" path="res://Characters/MannyBase.tscn" id="2_5odl3"]
[ext_resource type="PackedScene" uid="uid://ckqtvo1inhvtn" path="res://Props/Weapons/Slapper/Slapper.tscn" id="2_e1vp6"]
[ext_resource type="Script" path="res://Characters/BodySeg.gd" id="3_icqlu"]
[ext_resource type="PackedScene" uid="uid://bwie7ixf4v1vw" path="res://Props/Weapons/Pistol/Pistol.tscn" id="3_igi5e"]
[ext_resource type="PackedScene" uid="uid://dh23vd3s1cpss" path="res://Props/Weapons/SMG/SMG.tscn" id="4_a7f61"]
[ext_resource type="PackedScene" uid="uid://bhxw75oi8yofw" path="res://Props/Weapons/Rifle/Rifle.tscn" id="5_nv5n8"]
[ext_resource type="PackedScene" uid="uid://barsvh0ntyosw" path="res://Props/Weapons/Shotgun/Shotgun.tscn" id="6_8xy63"]
[ext_resource type="PackedScene" uid="uid://dlgv171g6as4t" path="res://Props/Weapons/Sniper/Sniper.tscn" id="7_rtaje"]
[ext_resource type="Script" path="res://Characters/BotSim/Voice.gd" id="9_hj0ir"]
[ext_resource type="AudioStream" uid="uid://dvwslqt03fwb6" path="res://Props/Weapons/Slapper/Slap.ogg" id="10_n02aa"]
[ext_resource type="Script" path="res://Utilities/RandomAudio.gd" id="11_ntang"]
[ext_resource type="AudioStream" uid="uid://b56r0e1ges6xc" path="res://Characters/Audio/footstep1.ogg" id="12_8kevp"]
[ext_resource type="AudioStream" uid="uid://doju4xf4dtgt" path="res://Characters/Audio/footstep2.ogg" id="13_xgngd"]
[ext_resource type="AudioStream" uid="uid://cxbr801up84rw" path="res://Characters/Audio/footstep4.ogg" id="14_df48h"]

[sub_resource type="CapsuleShape3D" id="CapsuleShape3D_5yxej"]
radius = 0.35
height = 1.8

[sub_resource type="CapsuleShape3D" id="CapsuleShape3D_ybita"]
radius = 0.125353
height = 0.334341

[sub_resource type="CylinderShape3D" id="CylinderShape3D_5nwuk"]
height = 0.138583
radius = 0.0660403

[sub_resource type="CapsuleShape3D" id="CapsuleShape3D_o0x7p"]
radius = 0.0453571
height = 0.38388

[sub_resource type="CapsuleShape3D" id="CapsuleShape3D_3mg8s"]
radius = 0.0347808
height = 0.343902

[sub_resource type="BoxShape3D" id="BoxShape3D_q006a"]
size = Vector3(0.0859375, 0.104492, 0.0412598)

[sub_resource type="CapsuleShape3D" id="CapsuleShape3D_33ikk"]
radius = 0.160307
height = 0.420551

[sub_resource type="CapsuleShape3D" id="CapsuleShape3D_u53g5"]
radius = 0.14963
height = 0.328408

[sub_resource type="SphereShape3D" id="SphereShape3D_xg4we"]
radius = 0.188636

[sub_resource type="CapsuleShape3D" id="CapsuleShape3D_m40cq"]
radius = 0.0927534
height = 0.444452

[sub_resource type="CapsuleShape3D" id="CapsuleShape3D_o4b52"]
radius = 0.0572174
height = 0.524105

[sub_resource type="CapsuleShape3D" id="CapsuleShape3D_f7heq"]
radius = 0.0600865
height = 0.305106

[node name="CharacterBase" type="CharacterBody3D" groups=["players"]]
collision_layer = 2
collision_mask = 3
platform_floor_layers = 4278190080
script = ExtResource("1_hsiy1")

[node name="Collision" type="CollisionShape3D" parent="."]
transform = Transform3D(1, 0, 0, 0, 1, 0, 0, 0, 1, 0, 0.9, 0)
visible = false
shape = SubResource("CapsuleShape3D_5yxej")

[node name="Mannequin" parent="." instance=ExtResource("2_5odl3")]

[node name="Skeleton3D" parent="Mannequin/Mannequin" index="0"]
show_rest_only = false
bones/0/position = Vector3(-5.98401e-06, 0.960284, -4.12001e-07)
bones/1/rotation = Quaternion(-0.0708638, -0.00154941, -0.00253853, 0.997482)
bones/2/rotation = Quaternion(3.72529e-09, -1.07775e-10, 1.63709e-10, 1)
bones/3/rotation = Quaternion(-1.49012e-08, -1.59616e-10, 5.09317e-11, 1)
bones/4/rotation = Quaternion(-3.72529e-09, -1.42535e-11, -2.91038e-11, 1)
bones/5/rotation = Quaternion(7.45057e-09, -5.88616e-11, -8.00355e-11, 1)
bones/7/rotation = Quaternion(0.257318, 0.712239, 0.607011, -0.240918)
bones/8/rotation = Quaternion(0.355469, 0.830111, 0.172744, -0.393341)
bones/9/rotation = Quaternion(-0.164504, 0.355211, 0.440733, 0.807786)
bones/10/rotation = Quaternion(0.0104014, 0.653613, -0.0475831, 0.75526)
bones/11/rotation = Quaternion(-0.432058, 0.50473, 0.0159834, 0.747207)
bones/12/rotation = Quaternion(0.417826, -0.0980159, 0.0604929, 0.901197)
bones/13/rotation = Quaternion(0.0414959, -0.0793864, -0.143227, 0.985628)
bones/15/rotation = Quaternion(0.0471044, 0.0367407, 0.00943756, 0.99817)
bones/16/rotation = Quaternion(-0.0530373, 0.129719, 0.0187453, 0.989954)
bones/17/rotation = Quaternion(-0.0615582, -0.00710922, -0.00484462, 0.998066)
bones/19/rotation = Quaternion(-0.0253821, 0.0517399, 0.021634, 0.998104)
bones/20/rotation = Quaternion(-0.0842758, 0.137065, 0.0425692, 0.986052)
bones/21/rotation = Quaternion(0.0829522, 0.0351188, 0.160426, 0.982929)
bones/23/rotation = Quaternion(-0.103516, -0.081101, 0.0588817, 0.989566)
bones/24/rotation = Quaternion(-0.129065, 0.0428054, 0.00012897, 0.990712)
bones/25/rotation = Quaternion(-0.32533, 0.0421658, -0.0066444, 0.944637)
bones/27/rotation = Quaternion(-0.332845, -0.00108084, 0.0195801, 0.942778)
bones/28/rotation = Quaternion(-0.145973, 0.0756381, -0.0350801, 0.985769)
bones/29/rotation = Quaternion(-0.32533, 0.0421658, -0.00664441, 0.944637)
bones/31/rotation = Quaternion(0.28055, -0.694566, -0.606296, -0.266973)
bones/32/rotation = Quaternion(-0.0396626, 0.964315, 0.260135, 0.0292054)
bones/33/rotation = Quaternion(0.704191, 0.149408, -0.582289, 0.377799)
bones/34/rotation = Quaternion(-0.115089, -0.637041, 0.590433, 0.481997)
bones/35/rotation = Quaternion(-0.214187, -0.673887, -0.214187, 0.673887)
bones/36/rotation = Quaternion(-2.98023e-08, 1.49012e-08, 2.22045e-16, 1)
bones/37/rotation = Quaternion(-2.98023e-08, 2.98023e-08, 5.96046e-08, 1)
bones/39/rotation = Quaternion(0.0230222, 0.124063, -0.198243, 0.971997)
bones/40/rotation = Quaternion(-0.00717306, -0.247706, 0.0236385, 0.96852)
bones/41/rotation = Quaternion(-0.0539372, -0.0426319, 0.0104935, 0.997579)
bones/43/rotation = Quaternion(-0.694862, -0.0388445, 0.0236493, 0.717704)
bones/44/rotation = Quaternion(-0.406755, -0.0937952, -0.0314755, 0.908164)
bones/45/rotation = Quaternion(-0.256323, 0.00392762, 0.0158293, 0.966454)
bones/47/rotation = Quaternion(-0.694862, -0.0388446, 0.0236493, 0.717704)
bones/48/rotation = Quaternion(-0.406755, -0.0937952, -0.0314755, 0.908164)
bones/49/rotation = Quaternion(-0.256323, 0.00392762, 0.0158292, 0.966454)
bones/51/rotation = Quaternion(-0.694862, -0.0388445, 0.0236493, 0.717704)
bones/52/rotation = Quaternion(-0.406755, -0.0937952, -0.0314755, 0.908164)
bones/53/rotation = Quaternion(-0.256323, 0.00392762, 0.0158292, 0.966454)
bones/56/rotation = Quaternion(0.000625133, 0.979117, 0.202401, -0.0190852)
bones/57/rotation = Quaternion(0.058793, 0.692288, -0.716589, 0.0614856)
bones/58/rotation = Quaternion(-0.00623871, 0.985966, -0.164283, -0.0290379)
bones/61/rotation = Quaternion(0.000601543, 0.993377, 0.11392, -0.0149789)
bones/62/rotation = Quaternion(-0.0763202, 0.797661, -0.595762, -0.0545877)
bones/63/rotation = Quaternion(0.0102404, 0.992902, -0.11743, 0.0158373)

[node name="Head" type="BoneAttachment3D" parent="Mannequin/Mannequin/Skeleton3D" index="2"]
transform = Transform3D(0.999982, 0.00528387, -0.00273123, -0.00484468, 0.989944, 0.141379, 0.00345079, -0.141363, 0.989952, 0.00272367, 1.5568, -0.0676934)
bone_name = "mixamorig_Head"
bone_idx = 5

[node name="HeadArea" type="Area3D" parent="Mannequin/Mannequin/Skeleton3D/Head"]
transform = Transform3D(1, 0, 0, 0, 0.912034, -0.410114, 0, 0.410114, 0.912034, 0, 0.067727, -0.0138693)
collision_layer = 0
script = ExtResource("3_icqlu")

[node name="Shape" type="CollisionShape3D" parent="Mannequin/Mannequin/Skeleton3D/Head/HeadArea"]
shape = SubResource("CapsuleShape3D_ybita")

[node name="Neck" type="BoneAttachment3D" parent="Mannequin/Mannequin/Skeleton3D" index="3"]
transform = Transform3D(0.999982, 0.00528387, -0.00273123, -0.00484468, 0.989944, 0.141379, 0.00345079, -0.141363, 0.989952, 0.00208343, 1.45906, -0.0219937)
bone_name = "mixamorig_Neck"
bone_idx = 4

[node name="NeckArea" type="Area3D" parent="Mannequin/Mannequin/Skeleton3D/Neck"]
transform = Transform3D(1, 0, 0, 0, 0.978053, 0.208356, 0, -0.208356, 0.978053, 0, 0.0442795, -0.0144586)
collision_layer = 0
script = ExtResource("3_icqlu")

[node name="Shape" type="CollisionShape3D" parent="Mannequin/Mannequin/Skeleton3D/Neck/NeckArea"]
shape = SubResource("CylinderShape3D_5nwuk")

[node name="R_UpperArm" type="BoneAttachment3D" parent="Mannequin/Mannequin/Skeleton3D" index="4"]
transform = Transform3D(0.736064, -0.533638, -0.41646, 0.0747072, 0.675519, -0.733548, 0.672776, 0.508826, 0.537093, 0.171341, 1.37563, -0.0782337)
bone_name = "mixamorig_RightArm"
bone_idx = 32

[node name="UpperArmArea" type="Area3D" parent="Mannequin/Mannequin/Skeleton3D/R_UpperArm"]
transform = Transform3D(1, 0, 0, 0, 1, 0, 0, 0, 1, 0, -0.123637, 0)
collision_layer = 0
script = ExtResource("3_icqlu")
body_seg = 2

[node name="Shape" type="CollisionShape3D" parent="Mannequin/Mannequin/Skeleton3D/R_UpperArm/UpperArmArea"]
shape = SubResource("CapsuleShape3D_o0x7p")

[node name="R_Forearm" type="BoneAttachment3D" parent="Mannequin/Mannequin/Skeleton3D" index="5"]
transform = Transform3D(0.715108, 0.687086, -0.128582, 0.550027, -0.66661, -0.503092, -0.431382, 0.289042, -0.854614, 0.317573, 1.19049, -0.217663)
bone_name = "mixamorig_RightForeArm"
bone_idx = 33

[node name="ForearmArea" type="Area3D" parent="Mannequin/Mannequin/Skeleton3D/R_Forearm"]
transform = Transform3D(1, 0, 0, 0, 1, 0, 0, 0, 1, 0, -0.135827, 0)
collision_layer = 0
script = ExtResource("3_icqlu")
body_seg = 2

[node name="Shape" type="CollisionShape3D" parent="Mannequin/Mannequin/Skeleton3D/R_Forearm/ForearmArea"]
shape = SubResource("CapsuleShape3D_3mg8s")

[node name="R_Hand" type="BoneAttachment3D" parent="Mannequin/Mannequin/Skeleton3D" index="6"]
transform = Transform3D(0.0664386, -0.0013374, -0.99779, -0.997633, 0.0176879, -0.0664518, 0.0177377, 0.999843, -0.000158906, 0.12782, 1.37456, -0.29747)
bone_name = "mixamorig_RightHand"
bone_idx = 34

[node name="HandArea" type="Area3D" parent="Mannequin/Mannequin/Skeleton3D/R_Hand"]
transform = Transform3D(1, 0, 0, 0, 1, 0, 0, 0, 1, 0.00174178, -0.0687678, 0)
collision_layer = 0
script = ExtResource("3_icqlu")
body_seg = 2

[node name="Shape" type="CollisionShape3D" parent="Mannequin/Mannequin/Skeleton3D/R_Hand/HandArea"]
shape = SubResource("BoxShape3D_q006a")

[node name="Weapons" type="Node3D" parent="Mannequin/Mannequin/Skeleton3D/R_Hand"]
unique_name_in_owner = true
transform = Transform3D(0.999928, 0, 0, 0, 0.999944, 0, 0, 0, 0.999984, 0, 0, 0)

[node name="Slapper" parent="Mannequin/Mannequin/Skeleton3D/R_Hand/Weapons" instance=ExtResource("2_e1vp6")]
transform = Transform3D(1.00007, 0, 0, 0, 1.00006, 0, 0, 0, 1.00002, 0, 0, 0)
visible = false

[node name="Pistol" parent="Mannequin/Mannequin/Skeleton3D/R_Hand/Weapons" instance=ExtResource("3_igi5e")]
transform = Transform3D(0.036594, -0.986953, 0.157254, -0.017773, 0.15669, 0.987544, -0.999188, -0.0389287, -0.0118059, -0.00954588, -0.083788, 0.0260225)
visible = false

[node name="SMG" parent="Mannequin/Mannequin/Skeleton3D/R_Hand/Weapons" instance=ExtResource("4_a7f61")]
transform = Transform3D(0.00536201, -0.987441, -0.157895, -0.0335139, -0.157986, 0.986872, -0.999424, 5.00394e-08, -0.0339402, -0.0156136, -0.121723, 0.0340856)
visible = false

[node name="Rifle" parent="Mannequin/Mannequin/Skeleton3D/R_Hand/Weapons" instance=ExtResource("5_nv5n8")]
transform = Transform3D(-4.37145e-08, -0.959412, 0.282262, 0, 0.282257, 0.959398, -1.00002, 4.19349e-08, -1.23374e-08, 0.0130894, -0.0986374, 0.0279723)
visible = false

[node name="Shotgun" parent="Mannequin/Mannequin/Skeleton3D/R_Hand/Weapons" instance=ExtResource("6_8xy63")]
transform = Transform3D(0.00283629, -0.959722, 0.28114, 0.0124218, 0.281165, 0.959603, -0.999989, 0.000770515, 0.0127175, 0.00473116, -0.0951368, 0.0285707)

[node name="Sniper" parent="Mannequin/Mannequin/Skeleton3D/R_Hand/Weapons" instance=ExtResource("7_rtaje")]
transform = Transform3D(1.00007, 0, 0, 0, 1.00006, 0, 0, 0, 1.00002, 0, 0, 0)
visible = false

[node name="L_UpperArm" type="BoneAttachment3D" parent="Mannequin/Mannequin/Skeleton3D" index="7"]
transform = Transform3D(0.60888, -0.0945863, 0.787603, 0.773917, 0.288764, -0.563621, -0.17412, 0.952717, 0.249024, -0.162039, 1.37352, -0.0864166)
bone_name = "mixamorig_LeftArm"
bone_idx = 8

[node name="UpperArmArea" type="Area3D" parent="Mannequin/Mannequin/Skeleton3D/L_UpperArm"]
transform = Transform3D(1, 0, 0, 0, 1, 0, 0, 0, 1, 0, -0.123637, 0)
collision_layer = 0
script = ExtResource("3_icqlu")
body_seg = 2

[node name="Shape" type="CollisionShape3D" parent="Mannequin/Mannequin/Skeleton3D/L_UpperArm/UpperArmArea"]
shape = SubResource("CapsuleShape3D_o0x7p")

[node name="L_Forearm" type="BoneAttachment3D" parent="Mannequin/Mannequin/Skeleton3D" index="8"]
transform = Transform3D(-0.403797, -0.52014, 0.752597, 0.854994, -0.507231, 0.108177, 0.325473, 0.687148, 0.649535, -0.136137, 1.2944, -0.347512)
bone_name = "mixamorig_LeftForeArm"
bone_idx = 9

[node name="ForearmArea" type="Area3D" parent="Mannequin/Mannequin/Skeleton3D/L_Forearm"]
transform = Transform3D(1, 0, 0, 0, 1, 0, 0, 0, 1, 0, -0.135827, 0)
collision_layer = 0
script = ExtResource("3_icqlu")
body_seg = 2

[node name="Shape" type="CollisionShape3D" parent="Mannequin/Mannequin/Skeleton3D/L_Forearm/ForearmArea"]
shape = SubResource("CapsuleShape3D_3mg8s")

[node name="L_Hand" type="BoneAttachment3D" parent="Mannequin/Mannequin/Skeleton3D" index="9"]
transform = Transform3D(-0.770424, -0.587174, -0.248341, 0.0432495, -0.436775, 0.898531, -0.636063, 0.681509, 0.361897, 0.00750658, 1.43445, -0.537272)
bone_name = "mixamorig_LeftHand"
bone_idx = 10

[node name="HandArea" type="Area3D" parent="Mannequin/Mannequin/Skeleton3D/L_Hand"]
transform = Transform3D(1, 0, 0, 0, 1, 0, 0, 0, 1, 0.00174178, -0.0687678, 0)
collision_layer = 0
script = ExtResource("3_icqlu")
body_seg = 2

[node name="Shape" type="CollisionShape3D" parent="Mannequin/Mannequin/Skeleton3D/L_Hand/HandArea"]
shape = SubResource("BoxShape3D_q006a")

[node name="Chest" type="BoneAttachment3D" parent="Mannequin/Mannequin/Skeleton3D" index="10"]
transform = Transform3D(0.999982, 0.00528387, -0.00273123, -0.00484468, 0.989944, 0.141379, 0.00345079, -0.141363, 0.989952, 0.00125453, 1.31137, 0.00710595)
bone_name = "mixamorig_Spine2"
bone_idx = 3

[node name="ChestArea" type="Area3D" parent="Mannequin/Mannequin/Skeleton3D/Chest"]
transform = Transform3D(1, 0, 0, 0, 0.943605, -0.331074, 0, 0.331074, 0.943605, 0, 0.00574178, -0.0423572)
collision_layer = 0
script = ExtResource("3_icqlu")
body_seg = 1

[node name="Shape" type="CollisionShape3D" parent="Mannequin/Mannequin/Skeleton3D/Chest/ChestArea"]
shape = SubResource("CapsuleShape3D_33ikk")

[node name="Stomach" type="BoneAttachment3D" parent="Mannequin/Mannequin/Skeleton3D" index="11"]
transform = Transform3D(0.999982, 0.00528387, -0.00273123, -0.00484468, 0.989944, 0.141379, 0.00345079, -0.141363, 0.989952, 0.000582198, 1.17681, 0.0098911)
bone_name = "mixamorig_Spine1"
bone_idx = 2

[node name="StomachArea" type="Area3D" parent="Mannequin/Mannequin/Skeleton3D/Stomach"]
transform = Transform3D(-4.37114e-08, -1, 0, 1, -4.37114e-08, 0, 0, 0, 1, 1.47112e-09, -0.0336554, -0.0353913)
collision_layer = 0
script = ExtResource("3_icqlu")
body_seg = 1

[node name="Shape" type="CollisionShape3D" parent="Mannequin/Mannequin/Skeleton3D/Stomach/StomachArea"]
shape = SubResource("CapsuleShape3D_u53g5")

[node name="Hips" type="BoneAttachment3D" parent="Mannequin/Mannequin/Skeleton3D" index="12"]
transform = Transform3D(1, 0, 0, 0, 1, 0, 0, 0, 1, -5.98401e-06, 0.960284, -4.12001e-07)
bone_name = "mixamorig_Hips"
bone_idx = 0

[node name="HipsArea" type="Area3D" parent="Mannequin/Mannequin/Skeleton3D/Hips"]
transform = Transform3D(-4.37114e-08, -1, 0, 1, -4.37114e-08, 0, 0, 0, 1, 3.86479e-09, 0.0183108, 0.000184305)
collision_layer = 0
script = ExtResource("3_icqlu")
body_seg = 1

[node name="Shape" type="CollisionShape3D" parent="Mannequin/Mannequin/Skeleton3D/Hips/HipsArea"]
shape = SubResource("SphereShape3D_xg4we")

[node name="R_Thigh" type="BoneAttachment3D" parent="Mannequin/Mannequin/Skeleton3D" index="13"]
transform = Transform3D(-0.998513, 0.0541688, 0.00623332, -0.0530647, -0.991668, 0.117387, 0.0125401, 0.116882, 0.993067, 0.0912385, 0.893719, 0.00055338)
bone_name = "mixamorig_RightUpLeg"
bone_idx = 60

[node name="ThighArea" type="Area3D" parent="Mannequin/Mannequin/Skeleton3D/R_Thigh"]
transform = Transform3D(-1, 8.74228e-08, 0, -8.74228e-08, -1, 0, 0, 0, 1, -0.0113323, 0.215818, 0.000184305)
collision_layer = 0
script = ExtResource("3_icqlu")
body_seg = 2

[node name="Shape" type="CollisionShape3D" parent="Mannequin/Mannequin/Skeleton3D/R_Thigh/ThighArea"]
shape = SubResource("CapsuleShape3D_m40cq")

[node name="R_Shin" type="BoneAttachment3D" parent="Mannequin/Mannequin/Skeleton3D" index="14"]
transform = Transform3D(0.99813, 0.0495724, 0.0357706, 0.0587495, -0.939606, -0.337179, 0.0168954, 0.33865, -0.940761, 0.115704, 0.491881, 0.0530787)
bone_name = "mixamorig_RightLeg"
bone_idx = 61

[node name="ShinArea" type="Area3D" parent="Mannequin/Mannequin/Skeleton3D/R_Shin"]
transform = Transform3D(-1, 8.71642e-08, -6.71916e-09, -8.74228e-08, -0.997042, 0.0768582, 0, 0.0768582, 0.997042, -0.00363756, 0.20123, -0.0182244)
collision_layer = 0
script = ExtResource("3_icqlu")
body_seg = 2

[node name="Shape" type="CollisionShape3D" parent="Mannequin/Mannequin/Skeleton3D/R_Shin/ShinArea"]
shape = SubResource("CapsuleShape3D_o4b52")

[node name="R_Foot" type="BoneAttachment3D" parent="Mannequin/Mannequin/Skeleton3D" index="15"]
transform = Transform3D(-0.976997, -0.206343, -0.0538484, -0.0644527, 0.0450146, 0.996905, -0.20328, 0.977444, -0.0572786, 0.133369, 0.1036, 0.214817)
bone_name = "mixamorig_RightFoot"
bone_idx = 62

[node name="FootArea" type="Area3D" parent="Mannequin/Mannequin/Skeleton3D/R_Foot"]
transform = Transform3D(1, 0, 0, 0, 1, 0, 0, 0, 1, -0.0128622, -0.0763761, -0.0497808)
collision_layer = 0
script = ExtResource("3_icqlu")
body_seg = 2

[node name="Shape" type="CollisionShape3D" parent="Mannequin/Mannequin/Skeleton3D/R_Foot/FootArea"]
shape = SubResource("CapsuleShape3D_f7heq")

[node name="L_Thigh" type="BoneAttachment3D" parent="Mannequin/Mannequin/Skeleton3D" index="16"]
transform = Transform3D(-0.997805, -0.0634927, 0.018828, 0.0509921, -0.917988, -0.393317, 0.0422567, -0.391493, 0.91921, -0.0912506, 0.89372, 0.000553348)
bone_name = "mixamorig_LeftUpLeg"
bone_idx = 55

[node name="ThighArea" type="Area3D" parent="Mannequin/Mannequin/Skeleton3D/L_Thigh"]
transform = Transform3D(-1, 8.74228e-08, 0, -8.74228e-08, -1, 0, 0, 0, 1, 0.011, 0.216, 0)
collision_layer = 0
script = ExtResource("3_icqlu")
body_seg = 2

[node name="Shape" type="CollisionShape3D" parent="Mannequin/Mannequin/Skeleton3D/L_Thigh/ThighArea"]
shape = SubResource("CapsuleShape3D_m40cq")

[node name="L_Shin" type="BoneAttachment3D" parent="Mannequin/Mannequin/Skeleton3D" index="17"]
transform = Transform3D(0.998198, -0.0597588, -0.00539973, -0.0597856, -0.998199, -0.00495288, -0.00509403, 0.0052667, -0.999973, -0.11937, 0.519156, -0.153532)
bone_name = "mixamorig_LeftLeg"
bone_idx = 56

[node name="ShinArea" type="Area3D" parent="Mannequin/Mannequin/Skeleton3D/L_Shin"]
transform = Transform3D(-1, 8.71642e-08, -6.71916e-09, -8.74228e-08, -0.997042, 0.0768582, 0, 0.0768582, 0.997042, 0.004, 0.201, -0.018)
collision_layer = 0
script = ExtResource("3_icqlu")
body_seg = 2

[node name="Shape" type="CollisionShape3D" parent="Mannequin/Mannequin/Skeleton3D/L_Shin/ShinArea"]
shape = SubResource("CapsuleShape3D_o4b52")

[node name="L_Foot" type="BoneAttachment3D" parent="Mannequin/Mannequin/Skeleton3D" index="18"]
transform = Transform3D(-0.982434, 0.176563, 0.0604055, 0.0664634, 0.0285948, 0.997379, 0.174373, 0.983874, -0.0398274, -0.141944, 0.0993895, -0.130739)
bone_name = "mixamorig_LeftFoot"
bone_idx = 57

[node name="FootArea" type="Area3D" parent="Mannequin/Mannequin/Skeleton3D/L_Foot"]
transform = Transform3D(1, 0, 0, 0, 1, 0, 0, 0, 1, 0.013, -0.076, -0.05)
collision_layer = 0
script = ExtResource("3_icqlu")
body_seg = 2

[node name="Shape" type="CollisionShape3D" parent="Mannequin/Mannequin/Skeleton3D/L_Foot/FootArea"]
shape = SubResource("CapsuleShape3D_f7heq")

[node name="AimHelper" type="Node3D" parent="."]
transform = Transform3D(1, 0, 0, 0, 1, 0, 0, 0, 1, 0, 1.65, 0)

[node name="Camera" type="Camera3D" parent="AimHelper"]
unique_name_in_owner = true
transform = Transform3D(1, 0, 0, 0, 0.97237, 0.233445, 0, -0.233445, 0.97237, 0, 0.5, 0.75)
visible = false
cull_mask = 1048551

[node name="ShootCast" type="RayCast3D" parent="AimHelper"]
unique_name_in_owner = true
visible = false
target_position = Vector3(0, 0, -999)
collision_mask = 9
hit_back_faces = false
collide_with_areas = true

[node name="DmgLbl" type="Node3D" parent="."]
transform = Transform3D(1, 0, 0, 0, 1, 0, 0, 0, 1, 0, 1.88315, 0)

[node name="Voice" type="Node3D" parent="."]
script = ExtResource("9_hj0ir")

[node name="Slapped" type="AudioStreamPlayer3D" parent="."]
stream = ExtResource("10_n02aa")
bus = &"SFX"

[node name="Footsteps" type="Node3D" parent="."]
script = ExtResource("11_ntang")

[node name="Footsteps1" type="AudioStreamPlayer3D" parent="Footsteps"]
stream = ExtResource("12_8kevp")
unit_size = 2.0
max_distance = 3.0
bus = &"SFX"

[node name="Footsteps2" type="AudioStreamPlayer3D" parent="Footsteps"]
stream = ExtResource("13_xgngd")
unit_size = 2.0
max_distance = 3.0
bus = &"SFX"

[node name="Footsteps3" type="AudioStreamPlayer3D" parent="Footsteps"]
stream = ExtResource("14_df48h")
unit_size = 2.0
max_distance = 3.0
bus = &"SFX"

[connection signal="take_damage" from="Mannequin/Mannequin/Skeleton3D/Head/HeadArea" to="." method="take_damage"]
[connection signal="take_damage" from="Mannequin/Mannequin/Skeleton3D/Neck/NeckArea" to="." method="take_damage"]
[connection signal="take_damage" from="Mannequin/Mannequin/Skeleton3D/R_UpperArm/UpperArmArea" to="." method="take_damage"]
[connection signal="take_damage" from="Mannequin/Mannequin/Skeleton3D/R_Forearm/ForearmArea" to="." method="take_damage"]
[connection signal="take_damage" from="Mannequin/Mannequin/Skeleton3D/R_Hand/HandArea" to="." method="take_damage"]
[connection signal="take_damage" from="Mannequin/Mannequin/Skeleton3D/L_UpperArm/UpperArmArea" to="." method="take_damage"]
[connection signal="take_damage" from="Mannequin/Mannequin/Skeleton3D/L_Forearm/ForearmArea" to="." method="take_damage"]
[connection signal="take_damage" from="Mannequin/Mannequin/Skeleton3D/L_Hand/HandArea" to="." method="take_damage"]
[connection signal="take_damage" from="Mannequin/Mannequin/Skeleton3D/Chest/ChestArea" to="." method="take_damage"]
[connection signal="take_damage" from="Mannequin/Mannequin/Skeleton3D/Stomach/StomachArea" to="." method="take_damage"]
[connection signal="take_damage" from="Mannequin/Mannequin/Skeleton3D/Hips/HipsArea" to="." method="take_damage"]
[connection signal="take_damage" from="Mannequin/Mannequin/Skeleton3D/R_Thigh/ThighArea" to="." method="take_damage"]
[connection signal="take_damage" from="Mannequin/Mannequin/Skeleton3D/R_Shin/ShinArea" to="." method="take_damage"]
[connection signal="take_damage" from="Mannequin/Mannequin/Skeleton3D/R_Foot/FootArea" to="." method="take_damage"]
[connection signal="take_damage" from="Mannequin/Mannequin/Skeleton3D/L_Thigh/ThighArea" to="." method="take_damage"]
[connection signal="take_damage" from="Mannequin/Mannequin/Skeleton3D/L_Shin/ShinArea" to="." method="take_damage"]
[connection signal="take_damage" from="Mannequin/Mannequin/Skeleton3D/L_Foot/FootArea" to="." method="take_damage"]

[editable path="Mannequin"]
