[gd_scene load_steps=16 format=3 uid="uid://1s5qidco641t"]

[ext_resource type="Script" path="res://Characters/CharacterBase.gd" id="1_bax7o"]
[ext_resource type="PackedScene" uid="uid://ckqtvo1inhvtn" path="res://Props/Weapons/Slapper/Slapper.tscn" id="2_26305"]
[ext_resource type="PackedScene" uid="uid://bwie7ixf4v1vw" path="res://Props/Weapons/Pistol/Pistol.tscn" id="3_c6pft"]
[ext_resource type="PackedScene" uid="uid://bhxw75oi8yofw" path="res://Props/Weapons/Rifle/Rifle.tscn" id="4_7rqvl"]
[ext_resource type="Script" path="res://Characters/Multiplayer/Voice.gd" id="4_8ihun"]
[ext_resource type="PackedScene" uid="uid://dh23vd3s1cpss" path="res://Props/Weapons/SMG/SMG.tscn" id="4_bxvtu"]
[ext_resource type="PackedScene" uid="uid://barsvh0ntyosw" path="res://Props/Weapons/Shotgun/Shotgun.tscn" id="5_gqd55"]
[ext_resource type="AudioStream" uid="uid://dvwslqt03fwb6" path="res://Props/Weapons/Slapper/Slap.ogg" id="5_tm5o4"]
[ext_resource type="PackedScene" uid="uid://bj70y5rv73685" path="res://Characters/PuppetBase.tscn" id="6_7o0ro"]
[ext_resource type="PackedScene" uid="uid://dlgv171g6as4t" path="res://Props/Weapons/Sniper/Sniper.tscn" id="7_3u6w3"]
[ext_resource type="AudioStream" uid="uid://b56r0e1ges6xc" path="res://Characters/Audio/footstep1.ogg" id="9_4go11"]
[ext_resource type="Script" path="res://RandomAudio.gd" id="9_druge"]
[ext_resource type="AudioStream" uid="uid://doju4xf4dtgt" path="res://Characters/Audio/footstep2.ogg" id="10_i4x8w"]
[ext_resource type="AudioStream" uid="uid://cxbr801up84rw" path="res://Characters/Audio/footstep4.ogg" id="12_hl0ln"]

[sub_resource type="CapsuleShape3D" id="CapsuleShape3D_5yxej"]
radius = 0.35
height = 1.8

[node name="CharacterBase" type="CharacterBody3D" groups=["players"]]
collision_layer = 2
collision_mask = 3
platform_floor_layers = 4278190080
script = ExtResource("1_bax7o")

[node name="Collision" type="CollisionShape3D" parent="."]
transform = Transform3D(1, 0, 0, 0, 1, 0, 0, 0, 1, 0, 0.9, 0)
shape = SubResource("CapsuleShape3D_5yxej")

[node name="StepCast" type="RayCast3D" parent="."]
transform = Transform3D(1, 0, 0, 0, 1, 0, 0, 0, 1, 0, 0.35, -0.35)
target_position = Vector3(0, -0.35, 0)

[node name="Weapons" type="Node3D" parent="."]
transform = Transform3D(0.85833, -0.07545, 0.507521, -0.201504, 0.860094, 0.468652, -0.471875, -0.504526, 0.723041, 0.163214, 1.42723, -0.370234)

[node name="Slapper" parent="Weapons" instance=ExtResource("2_26305")]
transform = Transform3D(-0.224442, -0.501342, 0.835634, -0.399893, 0.829368, 0.390176, -0.888659, -0.246592, -0.386628, 0.00662899, -0.0015403, 0.0135412)
visible = false

[node name="Pistol" parent="Weapons" instance=ExtResource("3_c6pft")]
transform = Transform3D(0.907643, -0.419078, 0.0236713, 0.0267876, 0.00155281, -0.99964, 0.41889, 0.90795, 0.0126354, -0.0382926, -0.0126591, 0.00222373)
visible = false

[node name="SMG" parent="Weapons" instance=ExtResource("4_bxvtu")]
transform = Transform3D(0.898794, -0.438371, 1.11759e-08, 9.31323e-09, -4.48199e-08, -1, 0.438371, 0.898794, -3.81842e-08, -0.033591, -0.0112215, -0.00850368)
visible = false

[node name="Rifle" parent="Weapons" instance=ExtResource("4_7rqvl")]
transform = Transform3D(0.873686, -0.485679, 0.0280673, 0.0243102, -0.0140355, -0.999606, 0.485882, 0.874024, -0.000455644, -0.0376089, -0.0336642, 0.0125195)
visible = false

[node name="Shotgun" parent="Weapons" instance=ExtResource("5_gqd55")]
transform = Transform3D(0.877343, -0.479192, 0.0253764, 0.0240809, -0.00885019, -0.999671, 0.479259, 0.877665, 0.00377468, -0.044263, -0.00856596, 0.0186746)
visible = false

[node name="Sniper" parent="Weapons" instance=ExtResource("7_3u6w3")]
transform = Transform3D(0.873686, -0.48568, 0.0280686, 0.0243113, -0.0140362, -0.999606, 0.485882, 0.874024, -0.000455685, -0.0376089, -0.0336642, 0.0125195)
visible = false

[node name="AimHelper" type="Node3D" parent="."]
transform = Transform3D(1, 0, 0, 0, 1, 0, 0, 0, 1, 0, 1.65, 0)

[node name="Camera" type="Camera3D" parent="AimHelper"]
unique_name_in_owner = true
transform = Transform3D(1, 0, 0, 0, 0.97237, 0.233445, 0, -0.233445, 0.97237, 0, 0.5, 0.75)
cull_mask = 1048551

[node name="ShootCast" type="RayCast3D" parent="AimHelper"]
unique_name_in_owner = true
target_position = Vector3(0, 0, -999)
collision_mask = 9
hit_back_faces = false
collide_with_areas = true

[node name="Puppet" parent="." instance=ExtResource("6_7o0ro")]

[node name="Skeleton3D" parent="Puppet" index="2"]
bones/1/position = Vector3(-1.45672e-09, 0.879786, -0.0641973)
bones/2/rotation = Quaternion(-0.132583, 0.000768224, 0.00327778, 0.991166)
bones/4/rotation = Quaternion(0.0928508, 0.0133209, 0.0187373, 0.995415)
bones/5/rotation = Quaternion(-0.00955051, -1.49312e-05, -5.81069e-05, 0.999954)
bones/7/rotation = Quaternion(-0.171652, 0.24323, -0.500485, 0.812951)
bones/8/rotation = Quaternion(0.261627, 0.0351827, -0.0509412, 0.963181)
bones/9/rotation = Quaternion(-0.0343041, -0.332737, -0.0032839, 0.94239)
bones/11/rotation = Quaternion(-0.139702, -0.0290387, 0.151657, 0.97808)
bones/12/rotation = Quaternion(-0.0728706, -0.00440988, -0.0389535, 0.996571)
bones/14/rotation = Quaternion(0.0614593, -0.169922, -0.0864588, 0.979732)
bones/15/rotation = Quaternion(0.0688573, 0.146545, 0.0441172, 0.985818)
bones/17/rotation = Quaternion(-0.318672, -0.0327219, 0.249418, 0.913875)
bones/18/rotation = Quaternion(-0.0645516, 0.0977242, -0.0941116, 0.988649)
bones/20/rotation = Quaternion(0.165055, 0.0903406, 0.527291, 0.828589)
bones/21/rotation = Quaternion(0.712027, -0.0251242, 0.138641, 0.68787)
bones/22/rotation = Quaternion(0.194589, 0.217793, -0.0405083, 0.955542)
bones/24/rotation = Quaternion(-0.149131, 0.0494538, -0.153145, 0.975634)
bones/25/rotation = Quaternion(-0.0724121, 0.00477748, 0.0383243, 0.996627)
bones/27/rotation = Quaternion(0.104781, 0.155885, 0.11469, 0.975483)
bones/28/rotation = Quaternion(0.0696919, -0.145987, -0.0450301, 0.985801)
bones/30/rotation = Quaternion(-0.54656, -0.395558, 0.598646, 0.431773)
bones/31/rotation = Quaternion(-0.291467, -0.110498, 0.336933, 0.888433)
bones/33/rotation = Quaternion(-0.576791, 0.196314, -0.196463, 0.768229)
bones/34/rotation = Quaternion(-0.131662, 0.00380236, 0.201718, 0.970546)
bones/35/rotation = Quaternion(0.279949, -0.126393, -0.658474, 0.68707)
bones/36/rotation = Quaternion(0.00495412, -0.00577786, -0.163837, 0.986458)
bones/38/rotation = Quaternion(-0.514224, -0.0397512, 0.353898, 0.780224)
bones/39/rotation = Quaternion(-0.164103, -0.00373699, -0.251421, 0.953857)
bones/40/rotation = Quaternion(0.233665, 0.125339, 0.53939, 0.799218)
bones/41/rotation = Quaternion(0.00495411, 0.00577787, 0.163837, 0.986458)

[node name="Head" parent="Puppet/Skeleton3D" index="1"]
transform = Transform3D(-1, -0.000304698, 6.61787e-05, -0.000311715, 0.972153, -0.234345, 7.06805e-06, -0.234346, -0.972153, -4.99712e-05, 1.55982, -0.0510713)

[node name="Neck" parent="Puppet/Skeleton3D" index="2"]
transform = Transform3D(-1, -0.000187455, 4.10154e-05, -0.000191728, 0.9675, -0.252871, 7.7188e-06, -0.252871, -0.9675, -3.79393e-05, 1.49772, -0.0348406)

[node name="Chest" parent="Puppet/Skeleton3D" index="3"]
transform = Transform3D(-0.999977, 0.00670145, -0.000654092, 0.00649231, 0.985384, 0.170224, 0.00178528, 0.170216, -0.985405, -2.36332e-09, 1.11795, -0.0868667)

[node name="Stomach" parent="Puppet/Skeleton3D" index="4"]
transform = Transform3D(-1, -3.78941e-09, -3.89234e-07, 3.31093e-08, 0.995501, -0.0947544, 3.87842e-07, -0.0947544, -0.995501, -1.45672e-09, 0.879786, -0.0641973)

[node name="R_UpperArm" parent="Puppet/Skeleton3D" index="5"]
transform = Transform3D(0.989676, 0.140108, -0.0301842, 0.129022, -0.779242, 0.613298, 0.062407, -0.610861, -0.789274, 0.194935, 1.38063, -0.0393514)

[node name="R_Forearm" parent="Puppet/Skeleton3D" index="6"]
transform = Transform3D(0.965089, -0.260874, 0.0234258, 0.145434, 0.608106, 0.78042, -0.217836, -0.749768, 0.624817, 0.224171, 1.21802, -0.166821)

[node name="R_Hand" parent="Puppet/Skeleton3D" index="7"]
transform = Transform3D(0.85833, -0.07545, 0.507521, -0.201504, 0.860094, 0.468652, -0.471875, -0.504526, 0.723041, 0.170616, 1.34286, -0.320744)

[node name="GunTransform" parent="Puppet/Skeleton3D/R_Hand" index="1"]
transform = Transform3D(1, 0, 2.98023e-08, 0, 1, -2.98023e-08, 5.96046e-08, 0, 1, 0, 0.0980922, -5.96046e-08)
remote_path = NodePath("../../../../Weapons")

[node name="L_UpperArm" parent="Puppet/Skeleton3D" index="8"]
transform = Transform3D(0.979274, -0.179288, 0.0942275, -0.144899, -0.945204, -0.292563, 0.141517, 0.272846, -0.951592, -0.194987, 1.38059, -0.0393485)

[node name="L_Forearm" parent="Puppet/Skeleton3D" index="9"]
transform = Transform3D(0.977162, 0.00746398, 0.212364, -0.0408085, -0.974189, 0.222015, 0.208539, -0.225611, -0.951636, -0.232399, 1.18335, 0.0175869)

[node name="L_Hand" parent="Puppet/Skeleton3D" index="10"]
transform = Transform3D(0.894124, 0.022535, -0.447253, 0.0913023, -0.986929, 0.1328, -0.438414, -0.159575, -0.884494, -0.230867, 0.983358, -0.0287295)

[node name="R_Thigh" parent="Puppet/Skeleton3D" index="11"]
transform = Transform3D(0.48968, 0.06524, 0.869458, -0.347676, -0.899876, 0.263334, 0.799584, -0.431239, -0.417969, 0.0851499, 0.862296, -0.0593682)

[node name="R_Shin" parent="Puppet/Skeleton3D" index="12"]
transform = Transform3D(0.474492, 0.018388, 0.880068, 0.150408, -0.986772, -0.0604758, 0.867315, 0.161065, -0.470981, 0.112561, 0.484204, -0.240558)

[node name="R_Foot" parent="Puppet/Skeleton3D" index="13"]
transform = Transform3D(0.245939, 0.0720783, 0.966602, -0.853541, -0.456466, 0.25121, 0.459327, -0.886817, -0.0507408, 0.11946, 0.113961, -0.180125)

[node name="L_Thigh" parent="Puppet/Skeleton3D" index="14"]
transform = Transform3D(0.499716, -0.0573108, -0.864291, -0.041871, -0.99824, 0.0419839, -0.865177, 0.0152087, -0.501236, -0.0851499, 0.862296, -0.0593682)

[node name="L_Shin" parent="Puppet/Skeleton3D" index="15"]
transform = Transform3D(0.488939, -0.027266, -0.871892, -0.430868, -0.876623, -0.214208, -0.758479, 0.480405, -0.440363, -0.10923, 0.442875, -0.0529782)

[node name="L_Foot" parent="Puppet/Skeleton3D" index="16"]
transform = Transform3D(0.245938, -0.0720762, -0.966602, 0.853542, -0.456465, 0.251208, -0.459326, -0.886817, -0.0507422, -0.11946, 0.11396, 0.127273)

[node name="DmgLbl" type="Node3D" parent="."]
transform = Transform3D(1, 0, 0, 0, 1, 0, 0, 0, 1, 0, 1.88315, 0)

[node name="Voice" type="Node3D" parent="."]
script = ExtResource("4_8ihun")

[node name="Slapped" type="AudioStreamPlayer3D" parent="."]
stream = ExtResource("5_tm5o4")
bus = &"SFX"

[node name="Footsteps" type="Node3D" parent="."]
script = ExtResource("9_druge")

[node name="Footsteps1" type="AudioStreamPlayer3D" parent="Footsteps"]
stream = ExtResource("9_4go11")
unit_size = 2.0
max_distance = 3.0
bus = &"SFX"

[node name="Footsteps2" type="AudioStreamPlayer3D" parent="Footsteps"]
stream = ExtResource("10_i4x8w")
unit_size = 2.0
max_distance = 3.0
bus = &"SFX"

[node name="Footsteps3" type="AudioStreamPlayer3D" parent="Footsteps"]
stream = ExtResource("12_hl0ln")
unit_size = 2.0
max_distance = 3.0
bus = &"SFX"

[connection signal="take_damage" from="Puppet/Skeleton3D/Head/HeadArea" to="." method="take_damage"]
[connection signal="take_damage" from="Puppet/Skeleton3D/Neck/NeckArea" to="." method="take_damage"]
[connection signal="take_damage" from="Puppet/Skeleton3D/Chest/ChestArea" to="." method="take_damage"]
[connection signal="take_damage" from="Puppet/Skeleton3D/Stomach/StomachArea" to="." method="take_damage"]
[connection signal="take_damage" from="Puppet/Skeleton3D/R_UpperArm/R_UpperArmArea" to="." method="take_damage"]
[connection signal="take_damage" from="Puppet/Skeleton3D/R_Forearm/R_ForearmArea" to="." method="take_damage"]
[connection signal="take_damage" from="Puppet/Skeleton3D/R_Hand/R_HandArea" to="." method="take_damage"]
[connection signal="take_damage" from="Puppet/Skeleton3D/L_UpperArm/L_UpperArmArea" to="." method="take_damage"]
[connection signal="take_damage" from="Puppet/Skeleton3D/L_Forearm/L_ForearmArea" to="." method="take_damage"]
[connection signal="take_damage" from="Puppet/Skeleton3D/L_Hand/L_HandArea" to="." method="take_damage"]
[connection signal="take_damage" from="Puppet/Skeleton3D/R_Thigh/R_ThighArea" to="." method="take_damage"]
[connection signal="take_damage" from="Puppet/Skeleton3D/R_Shin/R_ShinArea" to="." method="take_damage"]
[connection signal="take_damage" from="Puppet/Skeleton3D/R_Foot/R_FootArea" to="." method="take_damage"]
[connection signal="take_damage" from="Puppet/Skeleton3D/L_Thigh/L_ThighArea" to="." method="take_damage"]
[connection signal="take_damage" from="Puppet/Skeleton3D/L_Shin/L_ShinArea" to="." method="take_damage"]
[connection signal="take_damage" from="Puppet/Skeleton3D/L_Foot/L_FootArea" to="." method="take_damage"]

[editable path="Weapons/Pistol"]
[editable path="Weapons/Pistol/Mesh"]
[editable path="Weapons/SMG"]
[editable path="Weapons/SMG/Mesh"]
[editable path="Weapons/Rifle"]
[editable path="Weapons/Shotgun"]
[editable path="Weapons/Sniper"]
[editable path="Puppet"]
