[gd_scene load_steps=15 format=3 uid="uid://1s5qidco641t"]

[ext_resource type="Script" path="res://Characters/CharacterBase.gd" id="1_bax7o"]
[ext_resource type="PackedScene" uid="uid://ckqtvo1inhvtn" path="res://Props/Weapons/Slapper/Slapper.tscn" id="2_26305"]
[ext_resource type="PackedScene" uid="uid://bwie7ixf4v1vw" path="res://Props/Weapons/Pistol/Pistol.tscn" id="3_c6pft"]
[ext_resource type="PackedScene" uid="uid://bhxw75oi8yofw" path="res://Props/Weapons/Rifle/Rifle.tscn" id="4_7rqvl"]
[ext_resource type="Script" path="res://Characters/Voice.gd" id="4_8ihun"]
[ext_resource type="PackedScene" uid="uid://dh23vd3s1cpss" path="res://Props/Weapons/SMG/SMG.tscn" id="4_bxvtu"]
[ext_resource type="PackedScene" uid="uid://barsvh0ntyosw" path="res://Props/Weapons/Shotgun/Shotgun.tscn" id="5_gqd55"]
[ext_resource type="AudioStream" uid="uid://dvwslqt03fwb6" path="res://Props/Weapons/Slapper/Slap.ogg" id="5_tm5o4"]
[ext_resource type="PackedScene" uid="uid://bj70y5rv73685" path="res://Characters/PuppetBase.tscn" id="6_7o0ro"]
[ext_resource type="AudioStream" uid="uid://b56r0e1ges6xc" path="res://Characters/Audio/footstep1.ogg" id="9_4go11"]
[ext_resource type="Script" path="res://RandomAudio.gd" id="9_druge"]
[ext_resource type="AudioStream" uid="uid://doju4xf4dtgt" path="res://Characters/Audio/footstep2.ogg" id="10_i4x8w"]
[ext_resource type="AudioStream" uid="uid://cxbr801up84rw" path="res://Characters/Audio/footstep4.ogg" id="12_hl0ln"]

[sub_resource type="CapsuleShape3D" id="CapsuleShape3D_5yxej"]
radius = 0.35
height = 1.8

[node name="CharacterBase" type="CharacterBody3D" groups=["players"]]
collision_layer = 2
collision_mask = 3
platform_floor_layers = 4278190080
script = ExtResource("1_bax7o")

[node name="Collision" type="CollisionShape3D" parent="."]
transform = Transform3D(1, 0, 0, 0, 1, 0, 0, 0, 1, 0, 0.875, 0)
shape = SubResource("CapsuleShape3D_5yxej")

[node name="Weapons" type="Node3D" parent="."]
transform = Transform3D(0.856251, -0.0741894, 0.511205, -0.21224, 0.851714, 0.479102, -0.470944, -0.518729, 0.713535, 0.164281, 1.43402, -0.372505)

[node name="Slapper" parent="Weapons" instance=ExtResource("2_26305")]
transform = Transform3D(-0.224442, -0.501342, 0.835634, -0.399893, 0.829368, 0.390176, -0.888659, -0.246592, -0.386628, 0.00662899, -0.0015403, 0.0135412)
visible = false

[node name="Pistol" parent="Weapons" instance=ExtResource("3_c6pft")]
transform = Transform3D(0.907643, -0.419078, 0.0236713, 0.0267876, 0.00155281, -0.99964, 0.41889, 0.90795, 0.0126354, -0.0382926, -0.0126591, 0.00222373)
visible = false

[node name="SMG" parent="Weapons" instance=ExtResource("4_bxvtu")]
transform = Transform3D(0.898794, -0.438371, 1.11759e-08, 9.31323e-09, -4.48199e-08, -1, 0.438371, 0.898794, -3.81842e-08, -0.033591, -0.0112215, -0.00850368)
visible = false

[node name="Rifle" parent="Weapons" instance=ExtResource("4_7rqvl")]
transform = Transform3D(0.873686, -0.485679, 0.0280673, 0.0243102, -0.0140355, -0.999606, 0.485882, 0.874024, -0.000455644, -0.0376089, -0.0336642, 0.0125195)
visible = false

[node name="Shotgun" parent="Weapons" instance=ExtResource("5_gqd55")]
transform = Transform3D(0.877343, -0.479192, 0.0253764, 0.0240809, -0.00885019, -0.999671, 0.479259, 0.877665, 0.00377468, -0.044263, -0.00856596, 0.0186746)
visible = false

[node name="AimHelper" type="Node3D" parent="."]
transform = Transform3D(1, 0, 0, 0, 1, 0, 0, 0, 1, 0, 1.65, 0)

[node name="Camera" type="Camera3D" parent="AimHelper"]
unique_name_in_owner = true
transform = Transform3D(1, 0, 0, 0, 0.97237, 0.233445, 0, -0.233445, 0.97237, 0, 0.5, 0.75)
cull_mask = 1048551

[node name="ShootCast" type="RayCast3D" parent="AimHelper"]
unique_name_in_owner = true
target_position = Vector3(0, 0, -999)
collision_mask = 9
hit_back_faces = false
collide_with_areas = true

[node name="Puppet" parent="." instance=ExtResource("6_7o0ro")]

[node name="Skeleton3D" parent="Puppet" index="2"]
bones/1/position = Vector3(-1.35282e-09, 0.882924, -0.0641973)
bones/2/rotation = Quaternion(-0.134522, 0.000792556, 0.00312605, 0.990905)
bones/4/rotation = Quaternion(0.0910883, 0.0132786, 0.0186249, 0.99558)
bones/5/rotation = Quaternion(-0.0118326, -4.29432e-05, -0.00023192, 0.99993)
bones/7/rotation = Quaternion(-0.175249, 0.246316, -0.498109, 0.812714)
bones/8/rotation = Quaternion(0.261595, 0.0351859, -0.0509338, 0.963191)
bones/9/rotation = Quaternion(-0.0295966, -0.333108, -0.00589947, 0.942406)
bones/11/rotation = Quaternion(-0.139316, -0.0289376, 0.152743, 0.977969)
bones/12/rotation = Quaternion(-0.0728706, -0.00440988, -0.0389535, 0.996571)
bones/14/rotation = Quaternion(0.0618887, -0.170293, -0.0853691, 0.979736)
bones/15/rotation = Quaternion(0.0688573, 0.146545, 0.0441172, 0.985818)
bones/17/rotation = Quaternion(-0.31602, -0.0324029, 0.254689, 0.913354)
bones/18/rotation = Quaternion(-0.0645516, 0.0977242, -0.0941116, 0.988649)
bones/20/rotation = Quaternion(0.171689, 0.0956805, 0.524008, 0.828724)
bones/21/rotation = Quaternion(0.709267, -0.025232, 0.138103, 0.690819)
bones/22/rotation = Quaternion(0.181887, 0.22658, -0.0458302, 0.955761)
bones/24/rotation = Quaternion(-0.145688, 0.0482971, -0.150123, 0.976681)
bones/25/rotation = Quaternion(-0.0702552, 0.00649348, 0.0353688, 0.996881)
bones/27/rotation = Quaternion(0.103179, 0.156749, 0.113128, 0.975698)
bones/28/rotation = Quaternion(0.0746618, -0.1427, -0.0504553, 0.985656)
bones/30/rotation = Quaternion(-0.542127, -0.39335, 0.59759, 0.440749)
bones/31/rotation = Quaternion(-0.291467, -0.110498, 0.336933, 0.888433)
bones/33/rotation = Quaternion(-0.578776, 0.200862, -0.190888, 0.766965)
bones/34/rotation = Quaternion(-0.12254, 0.00381797, 0.187742, 0.974537)
bones/35/rotation = Quaternion(0.2775, -0.127695, -0.652195, 0.693779)
bones/36/rotation = Quaternion(0.00495412, -0.00577786, -0.163837, 0.986458)
bones/38/rotation = Quaternion(-0.516907, -0.0441113, 0.349377, 0.780255)
bones/39/rotation = Quaternion(-0.156884, -0.00375283, -0.24036, 0.957915)
bones/40/rotation = Quaternion(0.231423, 0.126166, 0.534185, 0.803226)
bones/41/rotation = Quaternion(0.00495411, 0.00577787, 0.163837, 0.986458)

[node name="Head" parent="Puppet/Skeleton3D" index="1"]
transform = Transform3D(-0.999999, -0.00122287, 0.000196828, -0.001236, 0.974898, -0.222648, 8.0383e-05, -0.222648, -0.974899, -0.000199618, 1.56287, -0.0491227)

[node name="Neck" parent="Puppet/Skeleton3D" index="2"]
transform = Transform3D(-1, -0.000755076, 0.000134341, -0.00076494, 0.969357, -0.245655, 5.52647e-05, -0.245655, -0.969357, -0.000151152, 1.50065, -0.0333551)

[node name="Chest" parent="Puppet/Skeleton3D" index="3"]
transform = Transform3D(-0.999979, 0.00640858, -0.000730025, 0.00618366, 0.984712, 0.174078, 0.00183446, 0.17407, -0.984732, -2.25941e-09, 1.12109, -0.0868667)

[node name="Stomach" parent="Puppet/Skeleton3D" index="4"]
transform = Transform3D(-1, -3.78941e-09, -3.89234e-07, 3.31093e-08, 0.995501, -0.0947544, 3.87842e-07, -0.0947544, -0.995501, -1.35282e-09, 0.882924, -0.0641973)

[node name="R_UpperArm" parent="Puppet/Skeleton3D" index="5"]
transform = Transform3D(0.988782, 0.145871, -0.0321097, 0.133351, -0.765297, 0.629713, 0.0672836, -0.626931, -0.776164, 0.194857, 1.38364, -0.0383287)

[node name="R_Forearm" parent="Puppet/Skeleton3D" index="6"]
transform = Transform3D(0.965009, -0.261759, 0.0155106, 0.154777, 0.616357, 0.772107, -0.211666, -0.742689, 0.635304, 0.225296, 1.22394, -0.169152)

[node name="R_Hand" parent="Puppet/Skeleton3D" index="7"]
transform = Transform3D(0.856251, -0.0741894, 0.511205, -0.21224, 0.851714, 0.479102, -0.470944, -0.518729, 0.713535, 0.171558, 1.35048, -0.321621)

[node name="GunTransform" parent="Puppet/Skeleton3D/R_Hand" index="1"]
transform = Transform3D(1, 0, 2.98023e-08, 0, 1, -2.98023e-08, 5.96046e-08, 0, 1, 0, 0.0980922, -5.96046e-08)
remote_path = NodePath("../../../../Weapons")

[node name="L_UpperArm" parent="Puppet/Skeleton3D" index="8"]
transform = Transform3D(0.978723, -0.182824, 0.0931544, -0.147719, -0.942901, -0.298526, 0.142413, 0.278414, -0.949844, -0.195065, 1.38348, -0.0383166)

[node name="L_Forearm" parent="Puppet/Skeleton3D" index="9"]
transform = Transform3D(0.976997, 0.00380304, 0.213219, -0.0432396, -0.97554, 0.21553, 0.208823, -0.219792, -0.952935, -0.233215, 1.18673, 0.0197805)

[node name="L_Hand" parent="Puppet/Skeleton3D" index="10"]
transform = Transform3D(0.894088, 0.0228677, -0.447308, 0.0933662, -0.986272, 0.136201, -0.438052, -0.163539, -0.883949, -0.232435, 0.986453, -0.0253412)

[node name="R_Thigh" parent="Puppet/Skeleton3D" index="11"]
transform = Transform3D(0.489165, 0.064184, 0.869827, -0.337365, -0.905739, 0.256558, 0.804303, -0.418948, -0.421402, 0.0851499, 0.865434, -0.0593682)

[node name="R_Shin" parent="Puppet/Skeleton3D" index="12"]
transform = Transform3D(0.475003, 0.0195708, 0.879767, 0.138835, -0.988898, -0.0529614, 0.868963, 0.1473, -0.472447, 0.112117, 0.484879, -0.235393)

[node name="R_Foot" parent="Puppet/Skeleton3D" index="13"]
transform = Transform3D(0.245939, 0.0720783, 0.966602, -0.853541, -0.456465, 0.25121, 0.459327, -0.886817, -0.0507408, 0.119461, 0.113838, -0.180126)

[node name="L_Thigh" parent="Puppet/Skeleton3D" index="14"]
transform = Transform3D(0.49924, -0.0562394, -0.864637, -0.0543931, -0.997957, 0.0335046, -0.864755, 0.0303034, -0.501279, -0.0851499, 0.865434, -0.0593682)

[node name="L_Shin" parent="Puppet/Skeleton3D" index="15"]
transform = Transform3D(0.489723, -0.0284665, -0.871413, -0.416589, -0.885637, -0.205186, -0.765915, 0.463506, -0.445575, -0.108779, 0.446133, -0.046636)

[node name="L_Foot" parent="Puppet/Skeleton3D" index="16"]
transform = Transform3D(0.245938, -0.0720759, -0.966602, 0.853542, -0.456465, 0.251209, -0.459326, -0.886817, -0.0507424, -0.11946, 0.113836, 0.127275)

[node name="DmgLbl" type="Node3D" parent="."]
transform = Transform3D(1, 0, 0, 0, 1, 0, 0, 0, 1, 0, 1.88315, 0)

[node name="Voice" type="Node3D" parent="."]
script = ExtResource("4_8ihun")

[node name="Slapped" type="AudioStreamPlayer3D" parent="."]
stream = ExtResource("5_tm5o4")
bus = &"SFX"

[node name="Footsteps" type="Node3D" parent="."]
script = ExtResource("9_druge")

[node name="Footsteps1" type="AudioStreamPlayer3D" parent="Footsteps"]
stream = ExtResource("9_4go11")
unit_size = 2.0
max_distance = 3.0
bus = &"SFX"

[node name="Footsteps2" type="AudioStreamPlayer3D" parent="Footsteps"]
stream = ExtResource("10_i4x8w")
unit_size = 2.0
max_distance = 3.0
bus = &"SFX"

[node name="Footsteps3" type="AudioStreamPlayer3D" parent="Footsteps"]
stream = ExtResource("12_hl0ln")
unit_size = 2.0
max_distance = 3.0
bus = &"SFX"

[connection signal="take_damage" from="Puppet/Skeleton3D/Head/HeadArea" to="." method="take_damage"]
[connection signal="take_damage" from="Puppet/Skeleton3D/Neck/NeckArea" to="." method="take_damage"]
[connection signal="take_damage" from="Puppet/Skeleton3D/Chest/ChestArea" to="." method="take_damage"]
[connection signal="take_damage" from="Puppet/Skeleton3D/Stomach/StomachArea" to="." method="take_damage"]
[connection signal="take_damage" from="Puppet/Skeleton3D/R_UpperArm/R_UpperArmArea" to="." method="take_damage"]
[connection signal="take_damage" from="Puppet/Skeleton3D/R_Forearm/R_ForearmArea" to="." method="take_damage"]
[connection signal="take_damage" from="Puppet/Skeleton3D/R_Hand/R_HandArea" to="." method="take_damage"]
[connection signal="take_damage" from="Puppet/Skeleton3D/L_UpperArm/L_UpperArmArea" to="." method="take_damage"]
[connection signal="take_damage" from="Puppet/Skeleton3D/L_Forearm/L_ForearmArea" to="." method="take_damage"]
[connection signal="take_damage" from="Puppet/Skeleton3D/L_Hand/L_HandArea" to="." method="take_damage"]
[connection signal="take_damage" from="Puppet/Skeleton3D/R_Thigh/R_ThighArea" to="." method="take_damage"]
[connection signal="take_damage" from="Puppet/Skeleton3D/R_Shin/R_ShinArea" to="." method="take_damage"]
[connection signal="take_damage" from="Puppet/Skeleton3D/R_Foot/R_FootArea" to="." method="take_damage"]
[connection signal="take_damage" from="Puppet/Skeleton3D/L_Thigh/L_ThighArea" to="." method="take_damage"]
[connection signal="take_damage" from="Puppet/Skeleton3D/L_Shin/L_ShinArea" to="." method="take_damage"]
[connection signal="take_damage" from="Puppet/Skeleton3D/L_Foot/L_FootArea" to="." method="take_damage"]

[editable path="Weapons/Pistol"]
[editable path="Weapons/Pistol/Mesh"]
[editable path="Weapons/SMG"]
[editable path="Weapons/SMG/Mesh"]
[editable path="Weapons/Rifle"]
[editable path="Weapons/Shotgun"]
[editable path="Puppet"]
