[gd_scene load_steps=15 format=3 uid="uid://1s5qidco641t"]

[ext_resource type="Script" path="res://Characters/CharacterBase.gd" id="1_bax7o"]
[ext_resource type="PackedScene" uid="uid://ckqtvo1inhvtn" path="res://Props/Weapons/Slapper/Slapper.tscn" id="2_26305"]
[ext_resource type="PackedScene" uid="uid://bwie7ixf4v1vw" path="res://Props/Weapons/Pistol/Pistol.tscn" id="3_c6pft"]
[ext_resource type="PackedScene" uid="uid://bhxw75oi8yofw" path="res://Props/Weapons/Rifle/Rifle.tscn" id="4_7rqvl"]
[ext_resource type="Script" path="res://Characters/Voice.gd" id="4_8ihun"]
[ext_resource type="PackedScene" uid="uid://barsvh0ntyosw" path="res://Props/Weapons/Shotgun/Shotgun.tscn" id="5_gqd55"]
[ext_resource type="AudioStream" uid="uid://dvwslqt03fwb6" path="res://Props/Weapons/Slapper/Slap.ogg" id="5_tm5o4"]
[ext_resource type="PackedScene" uid="uid://bj70y5rv73685" path="res://Characters/PuppetBase.tscn" id="6_7o0ro"]
[ext_resource type="AudioStream" uid="uid://b56r0e1ges6xc" path="res://Characters/Audio/footstep1.ogg" id="9_4go11"]
[ext_resource type="Script" path="res://RandomAudio.gd" id="9_druge"]
[ext_resource type="AudioStream" uid="uid://doju4xf4dtgt" path="res://Characters/Audio/footstep2.ogg" id="10_i4x8w"]
[ext_resource type="AudioStream" uid="uid://brbwtdst5aopq" path="res://Characters/Audio/footstep3.ogg" id="11_ccipe"]
[ext_resource type="AudioStream" uid="uid://cxbr801up84rw" path="res://Characters/Audio/footstep4.ogg" id="12_hl0ln"]

[sub_resource type="CapsuleShape3D" id="CapsuleShape3D_5yxej"]
radius = 0.35
height = 1.8

[node name="CharacterBase" type="CharacterBody3D" groups=["players"]]
collision_layer = 2
collision_mask = 3
platform_floor_layers = 4278190080
script = ExtResource("1_bax7o")

[node name="Collision" type="CollisionShape3D" parent="."]
transform = Transform3D(1, 0, 0, 0, 1, 0, 0, 0, 1, 0, 0.875, 0)
shape = SubResource("CapsuleShape3D_5yxej")

[node name="Weapons" type="Node3D" parent="."]
transform = Transform3D(0.843127, -0.0741507, 0.532577, -0.258154, 0.813016, 0.521882, -0.471692, -0.5775, 0.666334, 0.168542, 1.46504, -0.381725)

[node name="Slapper" parent="Weapons" instance=ExtResource("2_26305")]
transform = Transform3D(-0.224442, -0.501342, 0.835634, -0.399893, 0.829368, 0.390176, -0.888659, -0.246592, -0.386628, 0.00662899, -0.0015403, 0.0135412)
visible = false

[node name="Pistol" parent="Weapons" instance=ExtResource("3_c6pft")]
transform = Transform3D(0.907643, -0.419078, 0.0236713, 0.0267876, 0.00155281, -0.99964, 0.41889, 0.90795, 0.0126354, -0.0382926, -0.0126591, 0.00222373)
visible = false

[node name="Rifle" parent="Weapons" instance=ExtResource("4_7rqvl")]
transform = Transform3D(0.873686, -0.485679, 0.0280673, 0.0243102, -0.0140355, -0.999606, 0.485882, 0.874024, -0.000455644, -0.0376089, -0.0336642, 0.0125195)
visible = false

[node name="Shotgun" parent="Weapons" instance=ExtResource("5_gqd55")]
transform = Transform3D(0.877343, -0.479192, 0.0253764, 0.0240809, -0.00885019, -0.999671, 0.479259, 0.877665, 0.00377468, -0.044263, -0.00856596, 0.0186746)
visible = false

[node name="AimHelper" type="Node3D" parent="."]
transform = Transform3D(1, 0, 0, 0, 1, 0, 0, 0, 1, 0, 1.65, 0)

[node name="Camera" type="Camera3D" parent="AimHelper"]
unique_name_in_owner = true
transform = Transform3D(1, 0, 0, 0, 1, 0, 0, 0, 1, 0, 0, -0.210124)
cull_mask = 1048567

[node name="ShootCast" type="RayCast3D" parent="AimHelper"]
unique_name_in_owner = true
target_position = Vector3(0, 0, -999)
collision_mask = 9
hit_back_faces = false
collide_with_areas = true

[node name="Puppet" parent="." instance=ExtResource("6_7o0ro")]

[node name="Skeleton3D" parent="Puppet" index="2"]
bones/1/position = Vector3(-8.81538e-10, 0.897158, -0.0641973)
bones/2/rotation = Quaternion(-0.143963, 0.000919745, 0.00238825, 0.98958)
bones/4/rotation = Quaternion(0.0822645, 0.0130987, 0.0180728, 0.996361)
bones/5/rotation = Quaternion(-0.0236452, -0.000155837, -0.00113361, 0.99972)
bones/7/rotation = Quaternion(-0.189367, 0.258923, -0.488427, 0.811504)
bones/8/rotation = Quaternion(0.256536, 0.0352165, -0.0499562, 0.9646)
bones/9/rotation = Quaternion(-0.00587906, -0.334787, -0.0189191, 0.942085)
bones/11/rotation = Quaternion(-0.137328, -0.0284146, 0.158333, 0.977376)
bones/14/rotation = Quaternion(0.0638844, -0.171991, -0.0803116, 0.979739)
bones/17/rotation = Quaternion(-0.303879, -0.0306667, 0.278526, 0.910572)
bones/20/rotation = Quaternion(0.202453, 0.119266, 0.507616, 0.828924)
bones/21/rotation = Quaternion(0.694471, -0.0257948, 0.135223, 0.706229)
bones/22/rotation = Quaternion(0.127356, 0.269125, -0.0656749, 0.952386)
bones/24/rotation = Quaternion(-0.129916, 0.0433098, -0.136298, 0.981157)
bones/25/rotation = Quaternion(-0.0600548, 0.0143157, 0.0215018, 0.997861)
bones/27/rotation = Quaternion(0.094927, 0.161281, 0.105057, 0.976699)
bones/28/rotation = Quaternion(0.0976523, -0.128272, -0.0753144, 0.984042)
bones/30/rotation = Quaternion(-0.520564, -0.383895, 0.592309, 0.480425)
bones/33/rotation = Quaternion(-0.590184, 0.228793, -0.155745, 0.758341)
bones/34/rotation = Quaternion(-0.0661521, 0.00389013, 0.101351, 0.992641)
bones/35/rotation = Quaternion(0.261988, -0.135088, -0.61332, 0.73277)
bones/38/rotation = Quaternion(-0.530568, -0.0669325, 0.325257, 0.779888)
bones/39/rotation = Quaternion(-0.118205, -0.00382498, -0.1811, 0.976328)
bones/40/rotation = Quaternion(0.21922, 0.130338, 0.506046, 0.823937)

[node name="Head" parent="Puppet/Skeleton3D" index="1"]
transform = Transform3D(-0.999983, -0.00584064, 0.000538292, -0.0058501, 0.986544, -0.163391, 0.000423261, -0.163391, -0.986561, -0.000927174, 1.57655, -0.039597)

[node name="Neck" parent="Puppet/Skeleton3D" index="2"]
transform = Transform3D(-0.999994, -0.00354948, 0.000448627, -0.00356458, 0.977727, -0.209851, 0.000306228, -0.209851, -0.977733, -0.000699348, 1.5138, -0.0261276)

[node name="Chest" parent="Puppet/Skeleton3D" index="3"]
transform = Transform3D(-0.999987, 0.00499166, -0.00113306, 0.00467952, 0.981223, 0.192821, 0.00207428, 0.192813, -0.981233, -1.78813e-09, 1.13533, -0.0868667)

[node name="Stomach" parent="Puppet/Skeleton3D" index="4"]
transform = Transform3D(-1, -3.78941e-09, -3.89234e-07, 3.31093e-08, 0.995501, -0.0947544, 3.87842e-07, -0.0947544, -0.995501, -8.81538e-10, 0.897158, -0.0641973)

[node name="R_UpperArm" parent="Puppet/Skeleton3D" index="5"]
transform = Transform3D(0.983904, 0.173044, -0.044593, 0.15415, -0.695668, 0.70163, 0.090391, -0.697211, -0.711145, 0.194479, 1.39719, -0.0333552)

[node name="R_Forearm" parent="Puppet/Skeleton3D" index="6"]
transform = Transform3D(0.963464, -0.266803, -0.0235224, 0.197703, 0.649178, 0.734494, -0.180695, -0.712309, 0.678207, 0.230588, 1.25202, -0.178843)

[node name="R_Hand" parent="Puppet/Skeleton3D" index="7"]
transform = Transform3D(0.843127, -0.0741507, 0.532577, -0.258154, 0.813016, 0.521883, -0.471692, -0.5775, 0.666334, 0.175816, 1.38529, -0.325076)

[node name="GunTransform" parent="Puppet/Skeleton3D/R_Hand" index="1"]
transform = Transform3D(1, 0, 2.98023e-08, 0, 1, -2.98023e-08, 5.96046e-08, 0, 1, 0, 0.0980922, -5.96046e-08)
remote_path = NodePath("../../../../Weapons")

[node name="L_UpperArm" parent="Puppet/Skeleton3D" index="8"]
transform = Transform3D(0.976359, -0.196851, 0.089298, -0.159177, -0.934257, -0.319104, 0.146243, 0.297345, -0.943504, -0.195442, 1.39646, -0.0332985)

[node name="L_Forearm" parent="Puppet/Skeleton3D" index="9"]
transform = Transform3D(0.976123, -0.01434, 0.216747, -0.0549703, -0.981647, 0.182613, 0.210151, -0.190168, -0.958996, -0.236519, 1.2015, 0.0287491)

[node name="L_Hand" parent="Puppet/Skeleton3D" index="10"]
transform = Transform3D(0.893838, 0.0246542, -0.447713, 0.103752, -0.982762, 0.153019, -0.436223, -0.183225, -0.880987, -0.239463, 0.999977, -0.0102909)

[node name="R_Thigh" parent="Puppet/Skeleton3D" index="11"]
transform = Transform3D(0.486504, 0.0587072, 0.871704, -0.282078, -0.933752, 0.220316, 0.826889, -0.353073, -0.437714, 0.0851499, 0.879668, -0.0593682)

[node name="R_Shin" parent="Puppet/Skeleton3D" index="12"]
transform = Transform3D(0.477702, 0.0257034, 0.878146, 0.0768655, -0.996961, -0.0126328, 0.875153, 0.0735339, -0.478227, 0.109816, 0.487343, -0.207715)

[node name="R_Foot" parent="Puppet/Skeleton3D" index="13"]
transform = Transform3D(0.245939, 0.0720784, 0.966602, -0.853541, -0.456465, 0.25121, 0.459327, -0.886817, -0.0507407, 0.11946, 0.113276, -0.180125)

[node name="L_Thigh" parent="Puppet/Skeleton3D" index="14"]
transform = Transform3D(0.496176, -0.0499896, -0.866781, -0.13242, -0.991018, -0.0186473, -0.858064, 0.124032, -0.49834, -0.0851499, 0.879668, -0.0593682)

[node name="L_Shin" parent="Puppet/Skeleton3D" index="15"]
transform = Transform3D(0.494252, -0.0354644, -0.868595, -0.328194, -0.932839, -0.148663, -0.804987, 0.358545, -0.472697, -0.106154, 0.463282, -0.0072551)

[node name="L_Foot" parent="Puppet/Skeleton3D" index="16"]
transform = Transform3D(0.245938, -0.0720735, -0.966602, 0.853542, -0.456465, 0.251207, -0.459326, -0.886817, -0.0507444, -0.11946, 0.113275, 0.127273)

[node name="DmgLbl" type="Node3D" parent="."]
transform = Transform3D(1, 0, 0, 0, 1, 0, 0, 0, 1, 0, 1.88315, 0)

[node name="Voice" type="Node3D" parent="."]
script = ExtResource("4_8ihun")

[node name="Slapped" type="AudioStreamPlayer3D" parent="."]
stream = ExtResource("5_tm5o4")
bus = &"SFX"

[node name="Footsteps" type="Node3D" parent="."]
script = ExtResource("9_druge")

[node name="Footsteps1" type="AudioStreamPlayer3D" parent="Footsteps"]
stream = ExtResource("9_4go11")
unit_size = 2.0
max_distance = 3.0
bus = &"SFX"

[node name="Footsteps2" type="AudioStreamPlayer3D" parent="Footsteps"]
stream = ExtResource("10_i4x8w")
unit_size = 2.0
max_distance = 3.0
bus = &"SFX"

[node name="Footsteps3" type="AudioStreamPlayer3D" parent="Footsteps"]
stream = ExtResource("11_ccipe")
unit_size = 2.0
max_distance = 3.0
bus = &"SFX"

[node name="Footsteps4" type="AudioStreamPlayer3D" parent="Footsteps"]
stream = ExtResource("12_hl0ln")
unit_size = 2.0
max_distance = 3.0
bus = &"SFX"

[connection signal="take_damage" from="Puppet/Skeleton3D/Head/HeadArea" to="." method="take_damage"]
[connection signal="take_damage" from="Puppet/Skeleton3D/Neck/NeckArea" to="." method="take_damage"]
[connection signal="take_damage" from="Puppet/Skeleton3D/Chest/ChestArea" to="." method="take_damage"]
[connection signal="take_damage" from="Puppet/Skeleton3D/Stomach/StomachArea" to="." method="take_damage"]
[connection signal="take_damage" from="Puppet/Skeleton3D/R_UpperArm/R_UpperArmArea" to="." method="take_damage"]
[connection signal="take_damage" from="Puppet/Skeleton3D/R_Forearm/R_ForearmArea" to="." method="take_damage"]
[connection signal="take_damage" from="Puppet/Skeleton3D/R_Hand/R_HandArea" to="." method="take_damage"]
[connection signal="take_damage" from="Puppet/Skeleton3D/L_UpperArm/L_UpperArmArea" to="." method="take_damage"]
[connection signal="take_damage" from="Puppet/Skeleton3D/L_Forearm/L_ForearmArea" to="." method="take_damage"]
[connection signal="take_damage" from="Puppet/Skeleton3D/L_Hand/L_HandArea" to="." method="take_damage"]
[connection signal="take_damage" from="Puppet/Skeleton3D/R_Thigh/R_ThighArea" to="." method="take_damage"]
[connection signal="take_damage" from="Puppet/Skeleton3D/R_Shin/R_ShinArea" to="." method="take_damage"]
[connection signal="take_damage" from="Puppet/Skeleton3D/R_Foot/R_FootArea" to="." method="take_damage"]
[connection signal="take_damage" from="Puppet/Skeleton3D/L_Thigh/L_ThighArea" to="." method="take_damage"]
[connection signal="take_damage" from="Puppet/Skeleton3D/L_Shin/L_ShinArea" to="." method="take_damage"]
[connection signal="take_damage" from="Puppet/Skeleton3D/L_Foot/L_FootArea" to="." method="take_damage"]

[editable path="Weapons/Pistol"]
[editable path="Weapons/Pistol/Mesh"]
[editable path="Weapons/Rifle"]
[editable path="Weapons/Shotgun"]
[editable path="Puppet"]
