[gd_scene load_steps=16 format=3 uid="uid://1s5qidco641t"]

[ext_resource type="Script" path="res://Characters/CharacterBase.gd" id="1_bax7o"]
[ext_resource type="PackedScene" uid="uid://ckqtvo1inhvtn" path="res://Props/Weapons/Slapper/Slapper.tscn" id="2_26305"]
[ext_resource type="PackedScene" uid="uid://bwie7ixf4v1vw" path="res://Props/Weapons/Pistol/Pistol.tscn" id="3_c6pft"]
[ext_resource type="PackedScene" uid="uid://bhxw75oi8yofw" path="res://Props/Weapons/Rifle/Rifle.tscn" id="4_7rqvl"]
[ext_resource type="Script" path="res://Characters/Multiplayer/Voice.gd" id="4_8ihun"]
[ext_resource type="PackedScene" uid="uid://dh23vd3s1cpss" path="res://Props/Weapons/SMG/SMG.tscn" id="4_bxvtu"]
[ext_resource type="PackedScene" uid="uid://barsvh0ntyosw" path="res://Props/Weapons/Shotgun/Shotgun.tscn" id="5_gqd55"]
[ext_resource type="AudioStream" uid="uid://dvwslqt03fwb6" path="res://Props/Weapons/Slapper/Slap.ogg" id="5_tm5o4"]
[ext_resource type="PackedScene" uid="uid://bj70y5rv73685" path="res://Characters/PuppetBase.tscn" id="6_7o0ro"]
[ext_resource type="PackedScene" uid="uid://dlgv171g6as4t" path="res://Props/Weapons/Sniper/Sniper.tscn" id="7_3u6w3"]
[ext_resource type="AudioStream" uid="uid://b56r0e1ges6xc" path="res://Characters/Audio/footstep1.ogg" id="9_4go11"]
[ext_resource type="Script" path="res://RandomAudio.gd" id="9_druge"]
[ext_resource type="AudioStream" uid="uid://doju4xf4dtgt" path="res://Characters/Audio/footstep2.ogg" id="10_i4x8w"]
[ext_resource type="AudioStream" uid="uid://cxbr801up84rw" path="res://Characters/Audio/footstep4.ogg" id="12_hl0ln"]

[sub_resource type="CapsuleShape3D" id="CapsuleShape3D_5yxej"]
radius = 0.35
height = 1.8

[node name="CharacterBase" type="CharacterBody3D" groups=["players"]]
collision_layer = 2
collision_mask = 3
platform_floor_layers = 4278190080
script = ExtResource("1_bax7o")

[node name="Collision" type="CollisionShape3D" parent="."]
transform = Transform3D(1, 0, 0, 0, 1, 0, 0, 0, 1, 0, 0.875, 0)
visible = false
shape = SubResource("CapsuleShape3D_5yxej")

[node name="Weapons" type="Node3D" parent="."]
transform = Transform3D(0.848437, -0.0731632, 0.524216, -0.242162, 0.82701, 0.507358, -0.470652, -0.557406, 0.683948, 0.167141, 1.45478, -0.378432)

[node name="Slapper" parent="Weapons" instance=ExtResource("2_26305")]
transform = Transform3D(-0.224442, -0.501342, 0.835634, -0.399893, 0.829368, 0.390176, -0.888659, -0.246592, -0.386628, 0.00662899, -0.0015403, 0.0135412)
visible = false

[node name="Pistol" parent="Weapons" instance=ExtResource("3_c6pft")]
transform = Transform3D(0.907643, -0.419078, 0.0236713, 0.0267876, 0.00155281, -0.99964, 0.41889, 0.90795, 0.0126354, -0.0382926, -0.0126591, 0.00222373)
visible = false

[node name="SMG" parent="Weapons" instance=ExtResource("4_bxvtu")]
transform = Transform3D(0.898794, -0.438371, 1.11759e-08, 9.31323e-09, -4.48199e-08, -1, 0.438371, 0.898794, -3.81842e-08, -0.033591, -0.0112215, -0.00850368)
visible = false

[node name="Rifle" parent="Weapons" instance=ExtResource("4_7rqvl")]
transform = Transform3D(0.873686, -0.485679, 0.0280673, 0.0243102, -0.0140355, -0.999606, 0.485882, 0.874024, -0.000455644, -0.0376089, -0.0336642, 0.0125195)
visible = false

[node name="Shotgun" parent="Weapons" instance=ExtResource("5_gqd55")]
transform = Transform3D(0.877343, -0.479192, 0.0253764, 0.0240809, -0.00885019, -0.999671, 0.479259, 0.877665, 0.00377468, -0.044263, -0.00856596, 0.0186746)
visible = false

[node name="Sniper" parent="Weapons" instance=ExtResource("7_3u6w3")]
transform = Transform3D(0.873686, -0.48568, 0.0280686, 0.0243113, -0.0140362, -0.999606, 0.485882, 0.874024, -0.000455685, -0.0376089, -0.0336642, 0.0125195)
visible = false

[node name="Mesh" parent="Weapons/Sniper" index="0"]
transform = Transform3D(-1, 0, -8.74228e-08, 0, 1, 0, 8.74228e-08, 0, -1, 0, 0, 0)

[node name="AimHelper" type="Node3D" parent="."]
transform = Transform3D(1, 0, 0, 0, 1, 0, 0, 0, 1, 0, 1.65, 0)

[node name="Camera" type="Camera3D" parent="AimHelper"]
unique_name_in_owner = true
transform = Transform3D(1, 0, 0, 0, 0.97237, 0.233445, 0, -0.233445, 0.97237, 0, 0.5, 0.75)
cull_mask = 1048551

[node name="ShootCast" type="RayCast3D" parent="AimHelper"]
unique_name_in_owner = true
target_position = Vector3(0, 0, -999)
collision_mask = 9
hit_back_faces = false
collide_with_areas = true

[node name="Puppet" parent="." instance=ExtResource("6_7o0ro")]

[node name="Skeleton3D" parent="Puppet" index="2"]
bones/1/position = Vector3(-1.03414e-09, 0.892549, -0.0641973)
bones/2/rotation = Quaternion(-0.14106, 0.000879116, 0.00261493, 0.989997)
bones/4/rotation = Quaternion(0.0853552, 0.0131399, 0.0182582, 0.996097)
bones/5/rotation = Quaternion(-0.0195322, -0.000133425, -0.000819355, 0.999809)
bones/7/rotation = Quaternion(-0.184923, 0.254848, -0.491543, 0.811937)
bones/8/rotation = Quaternion(0.259286, 0.0352138, -0.0504828, 0.963837)
bones/9/rotation = Quaternion(-0.0146077, -0.334204, -0.0141547, 0.942281)
bones/11/rotation = Quaternion(-0.137951, -0.0285795, 0.156582, 0.977566)
bones/12/rotation = Quaternion(-0.0728706, -0.00440988, -0.0389535, 0.996571)
bones/14/rotation = Quaternion(0.0634159, -0.171595, -0.0814979, 0.979741)
bones/15/rotation = Quaternion(0.0688573, 0.146545, 0.0441172, 0.985818)
bones/17/rotation = Quaternion(-0.30814, -0.0313269, 0.270213, 0.911621)
bones/18/rotation = Quaternion(-0.0645516, 0.0977242, -0.0941116, 0.988649)
bones/20/rotation = Quaternion(0.191585, 0.111154, 0.513624, 0.828933)
bones/21/rotation = Quaternion(0.699983, -0.025588, 0.136296, 0.700566)
bones/22/rotation = Quaternion(0.145774, 0.253772, -0.0595468, 0.95436)
bones/24/rotation = Quaternion(-0.135454, 0.0450036, -0.141148, 0.979645)
bones/25/rotation = Quaternion(-0.0635666, 0.0116762, 0.0262558, 0.997564)
bones/27/rotation = Quaternion(0.0977922, 0.159692, 0.107864, 0.976371)
bones/28/rotation = Quaternion(0.0895398, -0.13322, -0.0665852, 0.984785)
bones/30/rotation = Quaternion(-0.528364, -0.387092, 0.594242, 0.466762)
bones/31/rotation = Quaternion(-0.291467, -0.110498, 0.336933, 0.888433)
bones/33/rotation = Quaternion(-0.585524, 0.216984, -0.170793, 0.762174)
bones/34/rotation = Quaternion(-0.0900616, 0.0038642, 0.137982, 0.986324)
bones/35/rotation = Quaternion(0.268646, -0.132081, -0.629827, 0.71673)
bones/36/rotation = Quaternion(0.00495412, -0.00577786, -0.163837, 0.986458)
bones/38/rotation = Quaternion(-0.525449, -0.0582544, 0.334519, 0.780133)
bones/39/rotation = Quaternion(-0.133086, -0.00379979, -0.2039, 0.969896)
bones/40/rotation = Quaternion(0.223953, 0.128782, 0.516925, 0.816118)
bones/41/rotation = Quaternion(0.00495411, 0.00577787, 0.163837, 0.986458)

[node name="Head" parent="Puppet/Skeleton3D" index="1"]
transform = Transform3D(-0.999991, -0.00430134, 0.000537858, -0.00432703, 0.983033, -0.183377, 0.000260035, -0.183378, -0.983042, -0.000701054, 1.57213, -0.0425746)

[node name="Neck" parent="Puppet/Skeleton3D" index="2"]
transform = Transform3D(-0.999996, -0.00264388, 0.00040664, -0.00266825, 0.975127, -0.221632, 0.000189444, -0.221633, -0.97513, -0.000531354, 1.50954, -0.0283489)

[node name="Chest" parent="Puppet/Skeleton3D" index="3"]
transform = Transform3D(-0.999985, 0.00542566, -0.0010033, 0.00514221, 0.982335, 0.187062, 0.00200051, 0.187054, -0.982348, -1.94073e-09, 1.13072, -0.0868667)

[node name="Stomach" parent="Puppet/Skeleton3D" index="4"]
transform = Transform3D(-1, -3.78941e-09, -3.89234e-07, 3.31093e-08, 0.995501, -0.0947544, 3.87842e-07, -0.0947544, -0.995501, -1.03414e-09, 0.892549, -0.0641973)

[node name="R_UpperArm" parent="Puppet/Skeleton3D" index="5"]
transform = Transform3D(0.98576, 0.163436, -0.0395759, 0.146663, -0.720467, 0.677803, 0.0822643, -0.673955, -0.734178, 0.194595, 1.3928, -0.0348833)

[node name="R_Forearm" parent="Puppet/Skeleton3D" index="6"]
transform = Transform3D(0.964231, -0.264896, -0.00942366, 0.182877, 0.639102, 0.747064, -0.191871, -0.722065, 0.664686, 0.228699, 1.24246, -0.175519)

[node name="R_Hand" parent="Puppet/Skeleton3D" index="7"]
transform = Transform3D(0.848437, -0.0731632, 0.524216, -0.242162, 0.82701, 0.507358, -0.470652, -0.557406, 0.683948, 0.174318, 1.37366, -0.323755)

[node name="GunTransform" parent="Puppet/Skeleton3D/R_Hand" index="1"]
transform = Transform3D(1, 0, 2.98023e-08, 0, 1, -2.98023e-08, 5.96046e-08, 0, 1, 0, 0.0980922, -5.96046e-08)
remote_path = NodePath("../../../../Weapons")

[node name="L_UpperArm" parent="Puppet/Skeleton3D" index="8"]
transform = Transform3D(0.977154, -0.192333, 0.0904366, -0.155552, -0.937149, -0.31234, 0.144826, 0.291136, -0.945656, -0.195327, 1.39224, -0.0348403)

[node name="L_Forearm" parent="Puppet/Skeleton3D" index="9"]
transform = Transform3D(0.976448, -0.00767689, 0.215617, -0.0509095, -0.979345, 0.195681, 0.209661, -0.20205, -0.95667, -0.235461, 1.19669, 0.0259116)

[node name="L_Hand" parent="Puppet/Skeleton3D" index="10"]
transform = Transform3D(0.893953, 0.0240148, -0.447516, 0.100372, -0.983926, 0.147702, -0.436776, -0.176957, -0.881994, -0.237037, 0.995634, -0.0155677)

[node name="R_Thigh" parent="Puppet/Skeleton3D" index="11"]
transform = Transform3D(0.487509, 0.0607812, 0.871, -0.303357, -0.923635, 0.234247, 0.818724, -0.378422, -0.431842, 0.0851499, 0.875059, -0.0593682)

[node name="R_Shin" parent="Puppet/Skeleton3D" index="12"]
transform = Transform3D(0.476671, 0.0233812, 0.878771, 0.100701, -0.994518, -0.0281622, 0.873295, 0.101917, -0.476413, 0.110688, 0.486985, -0.218366)

[node name="R_Foot" parent="Puppet/Skeleton3D" index="13"]
transform = Transform3D(0.245939, 0.0720782, 0.966602, -0.853541, -0.456466, 0.25121, 0.459327, -0.886817, -0.050741, 0.119461, 0.113835, -0.180126)

[node name="L_Thigh" parent="Puppet/Skeleton3D" index="14"]
transform = Transform3D(0.497501, -0.0525732, -0.865869, -0.0992154, -0.99506, 0.0034112, -0.861771, 0.0842104, -0.50026, -0.0851499, 0.875059, -0.0593682)

[node name="L_Shin" parent="Puppet/Skeleton3D" index="15"]
transform = Transform3D(0.49239, -0.0325731, -0.869765, -0.365699, -0.914556, -0.172778, -0.789821, 0.403146, -0.46223, -0.107239, 0.456975, -0.0239864)

[node name="L_Foot" parent="Puppet/Skeleton3D" index="16"]
transform = Transform3D(0.245938, -0.0720758, -0.966602, 0.853542, -0.456466, 0.251209, -0.459327, -0.886817, -0.0507427, -0.119461, 0.113827, 0.127277)

[node name="DmgLbl" type="Node3D" parent="."]
transform = Transform3D(1, 0, 0, 0, 1, 0, 0, 0, 1, 0, 1.88315, 0)

[node name="Voice" type="Node3D" parent="."]
script = ExtResource("4_8ihun")

[node name="Slapped" type="AudioStreamPlayer3D" parent="."]
stream = ExtResource("5_tm5o4")
bus = &"SFX"

[node name="Footsteps" type="Node3D" parent="."]
script = ExtResource("9_druge")

[node name="Footsteps1" type="AudioStreamPlayer3D" parent="Footsteps"]
stream = ExtResource("9_4go11")
unit_size = 2.0
max_distance = 3.0
bus = &"SFX"

[node name="Footsteps2" type="AudioStreamPlayer3D" parent="Footsteps"]
stream = ExtResource("10_i4x8w")
unit_size = 2.0
max_distance = 3.0
bus = &"SFX"

[node name="Footsteps3" type="AudioStreamPlayer3D" parent="Footsteps"]
stream = ExtResource("12_hl0ln")
unit_size = 2.0
max_distance = 3.0
bus = &"SFX"

[connection signal="take_damage" from="Puppet/Skeleton3D/Head/HeadArea" to="." method="take_damage"]
[connection signal="take_damage" from="Puppet/Skeleton3D/Neck/NeckArea" to="." method="take_damage"]
[connection signal="take_damage" from="Puppet/Skeleton3D/Chest/ChestArea" to="." method="take_damage"]
[connection signal="take_damage" from="Puppet/Skeleton3D/Stomach/StomachArea" to="." method="take_damage"]
[connection signal="take_damage" from="Puppet/Skeleton3D/R_UpperArm/R_UpperArmArea" to="." method="take_damage"]
[connection signal="take_damage" from="Puppet/Skeleton3D/R_Forearm/R_ForearmArea" to="." method="take_damage"]
[connection signal="take_damage" from="Puppet/Skeleton3D/R_Hand/R_HandArea" to="." method="take_damage"]
[connection signal="take_damage" from="Puppet/Skeleton3D/L_UpperArm/L_UpperArmArea" to="." method="take_damage"]
[connection signal="take_damage" from="Puppet/Skeleton3D/L_Forearm/L_ForearmArea" to="." method="take_damage"]
[connection signal="take_damage" from="Puppet/Skeleton3D/L_Hand/L_HandArea" to="." method="take_damage"]
[connection signal="take_damage" from="Puppet/Skeleton3D/R_Thigh/R_ThighArea" to="." method="take_damage"]
[connection signal="take_damage" from="Puppet/Skeleton3D/R_Shin/R_ShinArea" to="." method="take_damage"]
[connection signal="take_damage" from="Puppet/Skeleton3D/R_Foot/R_FootArea" to="." method="take_damage"]
[connection signal="take_damage" from="Puppet/Skeleton3D/L_Thigh/L_ThighArea" to="." method="take_damage"]
[connection signal="take_damage" from="Puppet/Skeleton3D/L_Shin/L_ShinArea" to="." method="take_damage"]
[connection signal="take_damage" from="Puppet/Skeleton3D/L_Foot/L_FootArea" to="." method="take_damage"]

[editable path="Weapons/Pistol"]
[editable path="Weapons/Pistol/Mesh"]
[editable path="Weapons/SMG"]
[editable path="Weapons/SMG/Mesh"]
[editable path="Weapons/Rifle"]
[editable path="Weapons/Shotgun"]
[editable path="Weapons/Sniper"]
[editable path="Puppet"]
