[gd_scene load_steps=6 format=3 uid="uid://cevbv8x2k7xwv"]

[ext_resource type="PackedScene" uid="uid://1s5qidco641t" path="res://Characters/CharacterBase.tscn" id="1_rf7ub"]
[ext_resource type="Script" path="res://Characters/Enemy.gd" id="2_ojr6m"]
[ext_resource type="PackedScene" uid="uid://cy12nf62sv60i" path="res://Debug/VectorCube.tscn" id="3_3vsup"]

[sub_resource type="StandardMaterial3D" id="StandardMaterial3D_0bpq3"]
albedo_color = Color(0.372549, 0.376471, 0.784314, 1)

[sub_resource type="BoxMesh" id="BoxMesh_m0eni"]
material = SubResource("StandardMaterial3D_0bpq3")
size = Vector3(0.3, 0.3, 0.3)

[node name="Enemy" instance=ExtResource("1_rf7ub")]
script = ExtResource("2_ojr6m")

[node name="NameLabel" type="Label3D" parent="." index="0"]
transform = Transform3D(1, 0, 0, 0, 1, 0, 0, 0, 1, 0, 1.9756, 0)
billboard = 1
text = "Enemy"

[node name="NavAgent" type="NavigationAgent3D" parent="." index="1"]
target_desired_distance = 3.0

[node name="NavTarget" type="Marker3D" parent="." index="2"]
top_level = true
visible = false

[node name="MeshInstance3D" type="MeshInstance3D" parent="NavTarget" index="0"]
mesh = SubResource("BoxMesh_m0eni")

[node name="PlayerCast" type="RayCast3D" parent="." index="4"]
unique_name_in_owner = true
transform = Transform3D(1, 0, 0, 0, 1, 0, 0, 0, 1, 0, 1.65, 0)
collision_mask = 3

[node name="VectorCube" parent="AimHelper" index="1" instance=ExtResource("3_3vsup")]
transform = Transform3D(0.5, 0, 0, 0, 0.5, 0, 0, 0, 0.5, 0, 0, 0)
visible = false

[node name="FPCamera" type="Camera3D" parent="AimHelper" index="2"]
transform = Transform3D(1, 0, 0, 0, 1, 0, 0, 0, 1, 0, 0, -0.210124)
cull_mask = 1048567

[node name="Weapons" parent="." index="6"]
transform = Transform3D(-0.219958, -0.16415, -0.961599, -0.962771, 0.195313, 0.186885, 0.157136, 0.966906, -0.201, 0.174964, 1.37914, -0.271234)

[node name="Skeleton" parent="PuppetBase" index="2"]
bones/1/position = Vector3(1.61993e-09, 0.894817, -0.0641973)
bones/2/rotation = Quaternion(0.0107625, 7.35116e-05, 0.000828491, 0.999942)
bones/4/rotation = Quaternion(0.00939647, 7.26193e-05, 0.000720939, 0.999956)
bones/5/rotation = Quaternion(0.0125609, 8.74889e-05, 0.00096627, 0.999921)
bones/7/rotation = Quaternion(0.00983601, 0.881993, 0.270268, 0.385936)
bones/8/rotation = Quaternion(-0.0177405, -0.723357, -0.0172504, 0.69003)
bones/9/rotation = Quaternion(-0.394388, 0.72873, 0.144303, 0.540913)
bones/11/rotation = Quaternion(0.0322739, -0.0150768, -0.0734033, 0.996666)
bones/14/rotation = Quaternion(0.00315299, 0.00561741, -0.00292729, 0.999975)
bones/17/rotation = Quaternion(0.336661, 0.0674601, 0.042639, 0.938238)
bones/20/rotation = Quaternion(-0.136448, 0.949334, 0.252198, 0.128617)
bones/21/rotation = Quaternion(0.244443, 0.394325, -0.23762, 0.8534)
bones/22/rotation = Quaternion(-0.26079, -0.832843, -0.124882, 0.47198)
bones/24/rotation = Quaternion(0.0104065, 0.0228371, 0.06444, 0.997606)
bones/25/rotation = Quaternion(-0.00129489, -0.0196272, 0.00504663, 0.999794)
bones/27/rotation = Quaternion(-0.00579875, -0.0135254, -0.0388745, 0.999136)
bones/28/rotation = Quaternion(0.00536257, -0.0376696, 0.0084905, 0.99924)
bones/30/rotation = Quaternion(-0.347033, 0.489775, -0.551538, 0.579219)
bones/33/rotation = Quaternion(-0.139284, 0.0872669, 0.986234, -0.0181139)
bones/34/rotation = Quaternion(-0.00814045, 0.999699, 0.0230827, 0.00143524)
bones/35/rotation = Quaternion(0.0811318, 0.774381, -0.61717, 0.113371)
bones/38/rotation = Quaternion(0.133317, -0.148459, 0.979722, -0.0182002)
bones/39/rotation = Quaternion(0.0367125, 0.993868, 0.104102, -0.00647267)
bones/40/rotation = Quaternion(-0.0882127, 0.671694, -0.729367, -0.0952299)

[node name="Head" parent="PuppetBase/Skeleton" index="1"]
transform = Transform3D(0.999987, -0.00501265, 0.00063151, 0.00504321, 0.997847, -0.065393, -0.000302358, 0.0653954, 0.997859, -0.000817965, 1.57429, -0.0410428)

[node name="HeadArea" parent="PuppetBase/Skeleton/Head" index="0"]
collision_layer = 8

[node name="Neck" parent="PuppetBase/Skeleton" index="2"]
transform = Transform3D(0.999999, -0.0016553, 0.000164848, 0.00165847, 0.999767, -0.0215236, -0.000129181, 0.0215239, 0.999768, 0.00170789, 1.45568, -0.024382)

[node name="NeckArea" parent="PuppetBase/Skeleton/Neck" index="0"]
collision_layer = 8

[node name="Chest" parent="PuppetBase/Skeleton" index="3"]
transform = Transform3D(0.999999, -0.0016553, 0.000164848, 0.00165847, 0.999767, -0.0215236, -0.000129181, 0.0215239, 0.999768, 7.1333e-10, 1.13299, -0.0868668)

[node name="ChestArea" parent="PuppetBase/Skeleton/Chest" index="0"]
collision_layer = 8

[node name="Stomach" parent="PuppetBase/Skeleton" index="4"]
transform = Transform3D(1, 0, 0, 0, 1, 0, 0, 0, 1, 1.61993e-09, 0.894817, -0.0641973)

[node name="StomachArea" parent="PuppetBase/Skeleton/Stomach" index="0"]
collision_layer = 8

[node name="R_UpperArm" parent="PuppetBase/Skeleton" index="5"]
transform = Transform3D(0.194867, -0.836236, -0.512578, -0.332641, 0.43528, -0.83659, 0.922701, 0.333528, -0.193344, 0.194534, 1.39495, -0.0340751)

[node name="R_UpperArmArea" parent="PuppetBase/Skeleton/R_UpperArm" index="0"]
collision_layer = 8

[node name="R_Forearm" parent="PuppetBase/Skeleton" index="6"]
transform = Transform3D(0.694731, -0.64307, 0.322197, 0.375986, -0.0571912, -0.924859, 0.613176, 0.76367, 0.202052, 0.229518, 1.24693, -0.176937)

[node name="R_ForearmArea" parent="PuppetBase/Skeleton/R_Forearm" index="0"]
collision_layer = 8

[node name="R_Hand" parent="PuppetBase/Skeleton" index="7"]
transform = Transform3D(-0.219958, -0.16415, -0.961599, -0.962771, 0.195313, 0.186885, 0.157136, 0.966906, -0.201, 0.174964, 1.37914, -0.324213)

[node name="R_HandArea" parent="PuppetBase/Skeleton/R_Hand" index="0"]
collision_layer = 8

[node name="L_UpperArm" parent="PuppetBase/Skeleton" index="8"]
transform = Transform3D(0.226965, 0.852883, 0.47019, -0.65983, 0.489761, -0.569876, -0.716318, -0.180903, 0.673916, -0.195388, 1.39431, -0.0340248)

[node name="L_UpperArmArea" parent="PuppetBase/Skeleton/L_UpperArm" index="0"]
collision_layer = 8

[node name="L_Forearm" parent="PuppetBase/Skeleton" index="9"]
transform = Transform3D(0.460565, 0.863289, -0.206425, -0.537263, 0.456248, 0.709356, 0.70656, -0.2158, 0.673946, -0.235953, 1.199, 0.0272558)

[node name="L_ForearmArea" parent="PuppetBase/Skeleton/L_Forearm" index="0"]
collision_layer = 8

[node name="L_Hand" parent="PuppetBase/Skeleton" index="10"]
transform = Transform3D(-0.223001, 0.266804, 0.937596, -0.77526, 0.534545, -0.336501, -0.590967, -0.801921, 0.087639, -0.238124, 0.997757, -0.0132571)

[node name="L_HandArea" parent="PuppetBase/Skeleton/L_Hand" index="0"]
collision_layer = 8

[node name="R_Thigh" parent="PuppetBase/Skeleton" index="11"]
transform = Transform3D(-0.963791, -0.00392168, 0.266631, -0.0752464, -0.955258, -0.286043, 0.255823, -0.295749, 0.920373, 0.0851499, 0.877328, -0.0593682)

[node name="R_ThighArea" parent="PuppetBase/Skeleton/R_Thigh" index="0"]
collision_layer = 8

[node name="R_Shin" parent="PuppetBase/Skeleton" index="12"]
transform = Transform3D(0.966299, -0.020411, -0.256609, 0.000748165, -0.996625, 0.0820898, -0.257419, -0.0795154, -0.963023, 0.110317, 0.487415, -0.213867)

[node name="R_ShinArea" parent="PuppetBase/Skeleton/R_Shin" index="0"]
collision_layer = 8

[node name="R_Foot" parent="PuppetBase/Skeleton" index="13"]
transform = Transform3D(-1, -2.23517e-07, -1.88127e-07, -1.86265e-07, 4.91738e-07, 1, -2.68221e-07, 1, -4.32134e-07, 0.119459, 0.113841, -0.180125)

[node name="R_FootArea" parent="PuppetBase/Skeleton/R_Foot" index="0"]
collision_layer = 8

[node name="L_Thigh" parent="PuppetBase/Skeleton" index="14"]
transform = Transform3D(-0.960544, 0.0114195, -0.277894, -0.0600389, -0.984113, 0.167085, -0.271571, 0.177177, 0.945969, -0.0851499, 0.877328, -0.0593682)

[node name="L_ThighArea" parent="PuppetBase/Skeleton/L_Thigh" index="0"]
collision_layer = 8

[node name="L_Shin" parent="PuppetBase/Skeleton" index="15"]
transform = Transform3D(0.961129, 0.0142845, 0.275728, 0.0754406, -0.974245, -0.212497, 0.265592, 0.225039, -0.937453, -0.106801, 0.459839, -0.0173103)

[node name="L_ShinArea" parent="PuppetBase/Skeleton/L_Shin" index="0"]
collision_layer = 8

[node name="L_Foot" parent="PuppetBase/Skeleton" index="16"]
transform = Transform3D(-1, 3.57628e-07, -2.57045e-07, -2.30968e-07, -1.3411e-07, 1, 3.27826e-07, 1, 2.83122e-07, -0.11946, 0.113839, 0.127273)

[node name="L_FootArea" parent="PuppetBase/Skeleton/L_Foot" index="0"]
collision_layer = 8

[node name="PlayerTimer" type="Timer" parent="." index="9"]
wait_time = 3.0
one_shot = true

[node name="StuckTimer" type="Timer" parent="." index="10"]
wait_time = 3.0
one_shot = true

[node name="ShootTimer" type="Timer" parent="." index="11"]
one_shot = true

[connection signal="timeout" from="PlayerTimer" to="." method="_player_lost"]
[connection signal="timeout" from="StuckTimer" to="." method="_stuck"]

[editable path="PuppetBase"]
