[gd_scene load_steps=6 format=3 uid="uid://2iouko1meib4"]

[ext_resource type="PackedScene" uid="uid://1s5qidco641t" path="res://Characters/CharacterBase.tscn" id="1_rf7ub"]
[ext_resource type="Script" path="res://Characters/Enemy.gd" id="2_ojr6m"]
[ext_resource type="PackedScene" uid="uid://cy12nf62sv60i" path="res://Debug/VectorCube.tscn" id="3_3vsup"]

[sub_resource type="StandardMaterial3D" id="StandardMaterial3D_0bpq3"]
albedo_color = Color(0.372549, 0.376471, 0.784314, 1)

[sub_resource type="BoxMesh" id="BoxMesh_m0eni"]
material = SubResource("StandardMaterial3D_0bpq3")
size = Vector3(0.3, 0.3, 0.3)

[node name="Enemy" instance=ExtResource("1_rf7ub")]
script = ExtResource("2_ojr6m")

[node name="NameLabel" type="Label3D" parent="." index="0"]
transform = Transform3D(1, 0, 0, 0, 1, 0, 0, 0, 1, 0, 1.9756, 0)
billboard = 1
text = "Enemy"

[node name="NavAgent" type="NavigationAgent3D" parent="." index="1"]
target_desired_distance = 3.0

[node name="NavTarget" type="Marker3D" parent="." index="2"]
top_level = true
visible = false

[node name="MeshInstance3D" type="MeshInstance3D" parent="NavTarget" index="0"]
mesh = SubResource("BoxMesh_m0eni")

[node name="PlayerCast" type="RayCast3D" parent="." index="4"]
unique_name_in_owner = true
transform = Transform3D(1, 0, 0, 0, 1, 0, 0, 0, 1, 0, 1.65, 0)
target_position = Vector3(0, 0, -1)
collision_mask = 3
debug_shape_custom_color = Color(0, 0.54902, 0.282353, 1)

[node name="Weapons" parent="." index="5"]
transform = Transform3D(0.84298, -0.0740986, 0.532817, -0.259194, 0.811969, 0.522996, -0.471384, -0.578978, 0.665268, 0.168607, 1.46477, -0.382217)

[node name="VectorCube" parent="AimHelper" index="0" instance=ExtResource("3_3vsup")]
transform = Transform3D(0.5, 0, 0, 0, 0.5, 0, 0, 0, 0.5, 0, 0, 0)
visible = false

[node name="ShootCast" parent="AimHelper" index="2"]
visible = false
collision_mask = 13

[node name="Skeleton3D" parent="Puppet" index="2"]
bones/1/position = Vector3(-8.81538e-10, 0.897158, -0.0641973)
bones/2/rotation = Quaternion(-0.143393, 0.000911684, 0.00243278, 0.989662)
bones/4/rotation = Quaternion(0.0826771, 0.0131115, 0.0180956, 0.996326)
bones/5/rotation = Quaternion(-0.023096, -0.00014555, -0.0010916, 0.999733)
bones/7/rotation = Quaternion(-0.189462, 0.259012, -0.488359, 0.811494)
bones/8/rotation = Quaternion(0.256954, 0.0352114, -0.050038, 0.964485)
bones/9/rotation = Quaternion(-0.00567928, -0.3348, -0.0190279, 0.94208)
bones/11/rotation = Quaternion(-0.137449, -0.0284486, 0.157993, 0.977413)
bones/12/rotation = Quaternion(-0.0728706, -0.00440988, -0.0389535, 0.996571)
bones/14/rotation = Quaternion(0.0637602, -0.171886, -0.0806259, 0.979739)
bones/15/rotation = Quaternion(0.0688573, 0.146545, 0.0441172, 0.985818)
bones/17/rotation = Quaternion(-0.303791, -0.0306253, 0.278712, 0.910545)
bones/18/rotation = Quaternion(-0.0645516, 0.0977242, -0.0941116, 0.988649)
bones/20/rotation = Quaternion(0.202696, 0.119445, 0.507478, 0.828923)
bones/21/rotation = Quaternion(0.694344, -0.0257995, 0.135198, 0.706358)
bones/22/rotation = Quaternion(0.126953, 0.269473, -0.0658024, 0.952333)
bones/24/rotation = Quaternion(-0.129792, 0.0432726, -0.136189, 0.98119)
bones/25/rotation = Quaternion(-0.0599756, 0.0143746, 0.0213948, 0.997867)
bones/27/rotation = Quaternion(0.0953091, 0.161068, 0.105432, 0.976656)
bones/28/rotation = Quaternion(0.0978341, -0.128163, -0.0755096, 0.984023)
bones/30/rotation = Quaternion(-0.520387, -0.383825, 0.592264, 0.480727)
bones/31/rotation = Quaternion(-0.291467, -0.110498, 0.336933, 0.888433)
bones/33/rotation = Quaternion(-0.590302, 0.229099, -0.155351, 0.758237)
bones/34/rotation = Quaternion(-0.0655299, 0.0038909, 0.100397, 0.992779)
bones/35/rotation = Quaternion(0.261813, -0.135164, -0.61289, 0.733179)
bones/36/rotation = Quaternion(0.00495412, -0.00577786, -0.163837, 0.986458)
bones/38/rotation = Quaternion(-0.530687, -0.0671366, 0.325038, 0.779881)
bones/39/rotation = Quaternion(-0.117852, -0.00382555, -0.18056, 0.97647)
bones/40/rotation = Quaternion(0.219107, 0.130374, 0.505787, 0.82412)
bones/41/rotation = Quaternion(0.00495411, 0.00577787, 0.163837, 0.986458)

[node name="Head" parent="Puppet/Skeleton3D" index="1"]
transform = Transform3D(-0.999984, -0.00561074, 0.000509258, -0.00561724, 0.986038, -0.166428, 0.000431636, -0.166428, -0.986053, -0.000884955, 1.5766, -0.0401575)

[node name="HeadArea" parent="Puppet/Skeleton3D/Head" index="0"]
collision_layer = 8
collision_mask = 1

[node name="Neck" parent="Puppet/Skeleton3D" index="2"]
transform = Transform3D(-0.999994, -0.00340536, 0.000426374, -0.00341841, 0.97731, -0.211787, 0.000304511, -0.211787, -0.977316, -0.000666379, 1.51387, -0.0265638)

[node name="NeckArea" parent="Puppet/Skeleton3D/Neck" index="0"]
collision_layer = 8
collision_mask = 1

[node name="Chest" parent="Puppet/Skeleton3D" index="3"]
transform = Transform3D(-0.999987, 0.00507682, -0.00110721, 0.00477044, 0.981444, 0.19169, 0.00205984, 0.191682, -0.981455, -1.78813e-09, 1.13533, -0.0868667)

[node name="ChestArea" parent="Puppet/Skeleton3D/Chest" index="0"]
collision_layer = 8
collision_mask = 1

[node name="Stomach" parent="Puppet/Skeleton3D" index="4"]
transform = Transform3D(-1, -3.78941e-09, -3.89234e-07, 3.31093e-08, 0.995501, -0.0947544, 3.87842e-07, -0.0947544, -0.995501, -8.81538e-10, 0.897158, -0.0641973)

[node name="StomachArea" parent="Puppet/Skeleton3D/Stomach" index="0"]
collision_layer = 8
collision_mask = 1

[node name="R_UpperArm" parent="Puppet/Skeleton3D" index="5"]
transform = Transform3D(0.983875, 0.173198, -0.044637, 0.154339, -0.696015, 0.701244, 0.0903863, -0.696826, -0.711523, 0.194502, 1.39723, -0.0336552)

[node name="R_UpperArmArea" parent="Puppet/Skeleton3D/R_UpperArm" index="0"]
collision_layer = 8
collision_mask = 1

[node name="R_Forearm" parent="Puppet/Skeleton3D" index="6"]
transform = Transform3D(0.963465, -0.266776, -0.0237771, 0.197707, 0.648506, 0.735087, -0.180684, -0.712932, 0.677556, 0.230643, 1.25199, -0.179063)

[node name="R_ForearmArea" parent="Puppet/Skeleton3D/R_Forearm" index="0"]
collision_layer = 8
collision_mask = 1

[node name="R_Hand" parent="Puppet/Skeleton3D" index="7"]
transform = Transform3D(0.84298, -0.0740986, 0.532817, -0.259194, 0.811969, 0.522996, -0.471384, -0.578978, 0.665268, 0.175876, 1.38513, -0.325424)

[node name="R_HandArea" parent="Puppet/Skeleton3D/R_Hand" index="0"]
collision_layer = 8
collision_mask = 1

[node name="L_UpperArm" parent="Puppet/Skeleton3D" index="8"]
transform = Transform3D(0.976324, -0.197043, 0.089253, -0.159164, -0.933793, -0.320464, 0.146489, 0.298671, -0.943046, -0.195419, 1.39653, -0.0336012)

[node name="L_UpperArmArea" parent="Puppet/Skeleton3D/L_UpperArm" index="0"]
collision_layer = 8
collision_mask = 1

[node name="L_Forearm" parent="Puppet/Skeleton3D" index="9"]
transform = Transform3D(0.97611, -0.0142091, 0.216814, -0.0547308, -0.981763, 0.182062, 0.210272, -0.189579, -0.959086, -0.236537, 1.20168, 0.0287231)

[node name="L_ForearmArea" parent="Puppet/Skeleton3D/L_Forearm" index="0"]
collision_layer = 8
collision_mask = 1

[node name="L_Hand" parent="Puppet/Skeleton3D" index="10"]
transform = Transform3D(0.893848, 0.0249516, -0.447675, 0.10393, -0.982788, 0.152734, -0.436158, -0.183048, -0.881056, -0.239454, 1.00013, -0.010196)

[node name="L_HandArea" parent="Puppet/Skeleton3D/L_Hand" index="0"]
collision_layer = 8
collision_mask = 1

[node name="R_Thigh" parent="Puppet/Skeleton3D" index="11"]
transform = Transform3D(0.486481, 0.0586582, 0.87172, -0.281574, -0.933982, 0.219986, 0.827075, -0.352473, -0.437848, 0.0851499, 0.879668, -0.0593682)

[node name="R_ThighArea" parent="Puppet/Skeleton3D/R_Thigh" index="0"]
collision_layer = 8
collision_mask = 1

[node name="R_Shin" parent="Puppet/Skeleton3D" index="12"]
transform = Transform3D(0.477727, 0.0257577, 0.878131, 0.076301, -0.997009, -0.0122651, 0.875189, 0.0728616, -0.478263, 0.109796, 0.487247, -0.207463)

[node name="R_ShinArea" parent="Puppet/Skeleton3D/R_Shin" index="0"]
collision_layer = 8
collision_mask = 1

[node name="R_Foot" parent="Puppet/Skeleton3D" index="13"]
transform = Transform3D(0.245938, 0.0720782, 0.966602, -0.853541, -0.456465, 0.25121, 0.459327, -0.886817, -0.0507407, 0.11946, 0.113162, -0.180125)

[node name="R_FootArea" parent="Puppet/Skeleton3D/R_Foot" index="0"]
collision_layer = 8
collision_mask = 1

[node name="L_Thigh" parent="Puppet/Skeleton3D" index="14"]
transform = Transform3D(0.496142, -0.049923, -0.866805, -0.133286, -0.990891, -0.0192204, -0.85795, 0.125069, -0.498276, -0.0851499, 0.879668, -0.0593682)

[node name="L_ThighArea" parent="Puppet/Skeleton3D/L_Thigh" index="0"]
collision_layer = 8
collision_mask = 1

[node name="L_Shin" parent="Puppet/Skeleton3D" index="15"]
transform = Transform3D(0.4943, -0.0355383, -0.868564, -0.327217, -0.933282, -0.148033, -0.805355, 0.357382, -0.47295, -0.106126, 0.463335, -0.00681937)

[node name="L_ShinArea" parent="Puppet/Skeleton3D/L_Shin" index="0"]
collision_layer = 8
collision_mask = 1

[node name="L_Foot" parent="Puppet/Skeleton3D" index="16"]
transform = Transform3D(0.245938, -0.072073, -0.966602, 0.853542, -0.456466, 0.251207, -0.459326, -0.886817, -0.0507449, -0.11946, 0.113162, 0.127273)

[node name="L_FootArea" parent="Puppet/Skeleton3D/L_Foot" index="0"]
collision_layer = 8
collision_mask = 1

[node name="PlayerTimer" type="Timer" parent="." index="9"]
wait_time = 3.0
one_shot = true

[node name="StuckTimer" type="Timer" parent="." index="10"]
wait_time = 3.0
one_shot = true

[node name="ShootTimer" type="Timer" parent="." index="11"]
one_shot = true

[connection signal="timeout" from="PlayerTimer" to="." method="_player_lost"]
[connection signal="timeout" from="StuckTimer" to="." method="_stuck"]

[editable path="Weapons/Pistol"]
[editable path="Weapons/Pistol/Mesh"]
[editable path="Weapons/SMG"]
[editable path="Weapons/SMG/Mesh"]
[editable path="Weapons/Rifle"]
[editable path="Weapons/Shotgun"]
[editable path="Puppet"]
