[gd_scene load_steps=36 format=3 uid="uid://bjvof25uwl8sb"]

[ext_resource type="PackedScene" uid="uid://1s5qidco641t" path="res://Characters/CharacterBase.tscn" id="1_sksl4"]
[ext_resource type="Script" path="res://Characters/Player.gd" id="2_p530v"]
[ext_resource type="PackedScene" uid="uid://kwpmppcj56nl" path="res://Props/Weapons/SMG/FPSMG.tscn" id="5_jery0"]
[ext_resource type="Script" path="res://Characters/UI.gd" id="7_bolck"]
[ext_resource type="PackedScene" uid="uid://0r6eljbdbyqv" path="res://Props/Weapons/Slapper/FPSlapper.tscn" id="7_of6tn"]
[ext_resource type="PackedScene" uid="uid://by7wwhoru7x60" path="res://Props/Weapons/Pistol/FPPistol.tscn" id="8_wni34"]
[ext_resource type="PackedScene" uid="uid://btj7bcwc5cjwk" path="res://Props/Weapons/Rifle/FPRifle.tscn" id="9_kxdh1"]
[ext_resource type="PackedScene" uid="uid://cokxjgyi8s31g" path="res://Props/Weapons/Shotgun/FPShotgun.tscn" id="10_0co2x"]
[ext_resource type="Texture2D" uid="uid://crqwjsvsfkcig" path="res://Characters/DmgArrow.png" id="10_4i56j"]
[ext_resource type="Texture2D" uid="uid://dwg7182f40h5u" path="res://Characters/CrossHair.png" id="11_ky6qt"]

[sub_resource type="StandardMaterial3D" id="StandardMaterial3D_hm4ms"]
albedo_color = Color(0.839216, 0.6, 0.466667, 1)
subsurf_scatter_strength = 1.0
subsurf_scatter_skin_mode = true

[sub_resource type="StandardMaterial3D" id="StandardMaterial3D_15itc"]
albedo_color = Color(0.839216, 0.6, 0.466667, 1)
subsurf_scatter_enabled = true
subsurf_scatter_strength = 1.0
subsurf_scatter_skin_mode = true

[sub_resource type="StandardMaterial3D" id="StandardMaterial3D_5y7vo"]
albedo_color = Color(0.305882, 0.305882, 0.305882, 1)
metallic = 0.33
metallic_specular = 0.27
roughness = 0.28
ao_enabled = true
ao_light_affect = 1.0

[sub_resource type="StandardMaterial3D" id="StandardMaterial3D_iala0"]
albedo_color = Color(0.305882, 0.305882, 0.305882, 1)
metallic = 0.33
metallic_specular = 0.27
roughness = 0.28
ao_enabled = true
ao_light_affect = 1.0

[sub_resource type="Animation" id="Animation_37gcc"]
resource_name = "PistolEquip"
length = 0.25
step = 0.05
tracks/0/type = "position_3d"
tracks/0/imported = false
tracks/0/enabled = true
tracks/0/path = NodePath("Pistol")
tracks/0/interp = 1
tracks/0/loop_wrap = true
tracks/0/keys = PackedFloat32Array(0, 1, 0.08, -0.275, -0.16, 0.25, 1, 0.08, -0.115, -0.16)
tracks/1/type = "rotation_3d"
tracks/1/imported = false
tracks/1/enabled = true
tracks/1/path = NodePath("Pistol")
tracks/1/interp = 1
tracks/1/loop_wrap = true
tracks/1/keys = PackedFloat32Array(0, 1, 1.98446e-08, 0.891007, -0.453991, 3.89471e-08, 0.25, 1, 0, 1, 0, -7.54979e-08)

[sub_resource type="Animation" id="Animation_2htne"]
resource_name = "PistolShoot"
length = 0.14
step = 0.01
tracks/0/type = "position_3d"
tracks/0/imported = false
tracks/0/enabled = true
tracks/0/path = NodePath("Pistol")
tracks/0/interp = 1
tracks/0/loop_wrap = true
tracks/0/keys = PackedFloat32Array(0, 1, 0.08, -0.115, -0.16, 0.05, 1, 0.08, -0.08, -0.15, 0.14, 1, 0.08, -0.115, -0.16)
tracks/1/type = "rotation_3d"
tracks/1/imported = false
tracks/1/enabled = true
tracks/1/path = NodePath("Pistol")
tracks/1/interp = 1
tracks/1/loop_wrap = true
tracks/1/keys = PackedFloat32Array(0, 1, 0, 1, 0, -4.37114e-08, 0.05, 1, -8.71465e-09, 0.979925, 0.199368, 4.28339e-08, 0.14, 1, 0, 1, 0, -4.37114e-08)

[sub_resource type="Animation" id="Animation_p4hij"]
resource_name = "PistolUnEquip"
length = 0.25
step = 0.05
tracks/0/type = "position_3d"
tracks/0/imported = false
tracks/0/enabled = true
tracks/0/path = NodePath("Pistol")
tracks/0/interp = 1
tracks/0/loop_wrap = true
tracks/0/keys = PackedFloat32Array(0, 1, 0.08, -0.115, -0.16, 0.25, 1, 0.08, -0.275, -0.16)
tracks/1/type = "rotation_3d"
tracks/1/imported = false
tracks/1/enabled = true
tracks/1/path = NodePath("Pistol")
tracks/1/interp = 1
tracks/1/loop_wrap = true
tracks/1/keys = PackedFloat32Array(0, 1, 0, 1, 0, -7.54979e-08, 0.25, 1, 3.42753e-08, 0.891007, -0.453991, 6.72691e-08)

[sub_resource type="Animation" id="Animation_chyh5"]
length = 0.001

[sub_resource type="Animation" id="Animation_yquew"]
resource_name = "RifleEquip"
length = 0.25
step = 0.05
tracks/0/type = "position_3d"
tracks/0/imported = false
tracks/0/enabled = true
tracks/0/path = NodePath("Rifle")
tracks/0/interp = 1
tracks/0/loop_wrap = true
tracks/0/keys = PackedFloat32Array(0, 1, 0.105, -0.4, -0.275, 0.25, 1, 0.105, -0.235, -0.275)
tracks/1/type = "rotation_3d"
tracks/1/imported = false
tracks/1/enabled = true
tracks/1/path = NodePath("Rifle")
tracks/1/interp = 1
tracks/1/loop_wrap = true
tracks/1/keys = PackedFloat32Array(0, 1, 2.39558e-08, 0.948324, -0.317305, 7.15965e-08, 0.25, 1, 0, 1, 0, -7.54979e-08)

[sub_resource type="Animation" id="Animation_vnien"]
resource_name = "RifleShoot"
length = 0.1111
step = 0.0111
tracks/0/type = "position_3d"
tracks/0/imported = false
tracks/0/enabled = true
tracks/0/path = NodePath("Rifle")
tracks/0/interp = 1
tracks/0/loop_wrap = true
tracks/0/keys = PackedFloat32Array(0, 1, 0.105, -0.235, -0.275, 0.0333, 1, 0.105, -0.235, -0.19, 0.111, 1, 0.105, -0.235, -0.275)
tracks/1/type = "rotation_3d"
tracks/1/imported = false
tracks/1/enabled = true
tracks/1/path = NodePath("Rifle")
tracks/1/interp = 1
tracks/1/loop_wrap = true
tracks/1/keys = PackedFloat32Array(0, 1, 0, 1, 0, -7.5498e-08, 0.0333, 1, -1.33488e-09, 0.999534, 0.0305385, 4.3691e-08, 0.111, 1, 0, 1, 0, -7.5498e-08)

[sub_resource type="Animation" id="Animation_6e0nd"]
resource_name = "RifleUnequip"
length = 0.25
step = 0.05
tracks/0/type = "position_3d"
tracks/0/imported = false
tracks/0/enabled = true
tracks/0/path = NodePath("Rifle")
tracks/0/interp = 1
tracks/0/loop_wrap = true
tracks/0/keys = PackedFloat32Array(0, 1, 0.105, -0.235, -0.275, 0.25, 1, 0.105, -0.4, -0.275)
tracks/1/type = "rotation_3d"
tracks/1/imported = false
tracks/1/enabled = true
tracks/1/path = NodePath("Rifle")
tracks/1/interp = 1
tracks/1/loop_wrap = true
tracks/1/keys = PackedFloat32Array(0, 1, 0, 1, 0, -7.54979e-08, 0.25, 1, 1.38698e-08, 0.948324, -0.317305, 4.14525e-08)

[sub_resource type="Animation" id="Animation_2xlax"]
resource_name = "SMGEquip"
length = 0.25
step = 0.05
tracks/0/type = "position_3d"
tracks/0/imported = false
tracks/0/enabled = true
tracks/0/path = NodePath("SMG")
tracks/0/interp = 1
tracks/0/loop_wrap = true
tracks/0/keys = PackedFloat32Array(0, 1, 0.09, -0.26, -0.135, 0.25, 1, 0.09, -0.16, -0.135)
tracks/1/type = "rotation_3d"
tracks/1/imported = false
tracks/1/enabled = true
tracks/1/path = NodePath("SMG")
tracks/1/interp = 1
tracks/1/loop_wrap = true
tracks/1/keys = PackedFloat32Array(0, 1, -0.496217, 0, 0, 0.868199, 0.25, 1, 0, 0, 0, 1)

[sub_resource type="Animation" id="Animation_wkgcg"]
resource_name = "SMGShoot"
length = 0.0833
step = 0.0083
tracks/0/type = "position_3d"
tracks/0/imported = false
tracks/0/enabled = true
tracks/0/path = NodePath("SMG")
tracks/0/interp = 1
tracks/0/loop_wrap = true
tracks/0/keys = PackedFloat32Array(0, 1, 0.09, -0.16, -0.135, 0.0249, 1, 0.09, -0.16, -0.09, 0.083, 1, 0.09, -0.16, -0.135)
tracks/1/type = "rotation_3d"
tracks/1/imported = false
tracks/1/enabled = true
tracks/1/path = NodePath("SMG")
tracks/1/interp = 1
tracks/1/loop_wrap = true
tracks/1/keys = PackedFloat32Array(0, 1, 0, 0, 0, 1, 0.0249, 1, 0.0741085, 0, 0, 0.99725, 0.083, 1, 0, 0, 0, 1)

[sub_resource type="Animation" id="Animation_ws6cv"]
resource_name = "SMGUnequip"
length = 0.25
step = 0.05
tracks/0/type = "position_3d"
tracks/0/imported = false
tracks/0/enabled = true
tracks/0/path = NodePath("SMG")
tracks/0/interp = 1
tracks/0/loop_wrap = true
tracks/0/keys = PackedFloat32Array(0, 1, 0.09, -0.16, -0.135, 0.25, 1, 0.09, -0.26, -0.135)
tracks/1/type = "rotation_3d"
tracks/1/imported = false
tracks/1/enabled = true
tracks/1/path = NodePath("SMG")
tracks/1/interp = 1
tracks/1/loop_wrap = true
tracks/1/keys = PackedFloat32Array(0, 1, 0, 0, 0, 1, 0.25, 1, -0.496217, 0, 0, 0.868199)

[sub_resource type="Animation" id="Animation_mey44"]
resource_name = "ShotgunEquip"
length = 0.25
step = 0.05
tracks/0/type = "position_3d"
tracks/0/imported = false
tracks/0/enabled = true
tracks/0/path = NodePath("Shotgun")
tracks/0/interp = 1
tracks/0/loop_wrap = true
tracks/0/keys = PackedFloat32Array(0, 1, 0.085, -0.355, -0.215, 0.25, 1, 0.085, -0.175, -0.215)
tracks/1/type = "rotation_3d"
tracks/1/imported = false
tracks/1/enabled = true
tracks/1/path = NodePath("Shotgun")
tracks/1/interp = 1
tracks/1/loop_wrap = true
tracks/1/keys = PackedFloat32Array(0, 1, -0.304864, 0, 0, 0.952396, 0.25, 1, 0, 0, 0, 1)

[sub_resource type="Animation" id="Animation_l34i7"]
resource_name = "ShotgunShoot"
length = 0.4444
step = 0.0111
tracks/0/type = "position_3d"
tracks/0/imported = false
tracks/0/enabled = true
tracks/0/path = NodePath("Shotgun")
tracks/0/interp = 1
tracks/0/loop_wrap = true
tracks/0/keys = PackedFloat32Array(0, 1, 0.085, -0.175, -0.215, 0.0444, 1, 0.085, -0.115, -0.16, 0.2109, 1, 0.085, -0.115, -0.15, 0.3219, 1, 0.085, -0.175, -0.215, 0.444, 1, 0.085, -0.175, -0.215)
tracks/1/type = "rotation_3d"
tracks/1/imported = false
tracks/1/enabled = true
tracks/1/path = NodePath("Shotgun")
tracks/1/interp = 1
tracks/1/loop_wrap = true
tracks/1/keys = PackedFloat32Array(0, 1, 0, 0, 0, 1, 0.0444, 1, 0.362438, 0, 0, 0.932008, 0.2109, 1, 0.358368, 0, 0, 0.93358, 0.3219, 1, 0, 0, 0, 1, 0.444, 1, 0, 0, 0, 1)

[sub_resource type="Animation" id="Animation_ij2ii"]
resource_name = "ShotgunUnequip"
length = 0.25
step = 0.05
tracks/0/type = "position_3d"
tracks/0/imported = false
tracks/0/enabled = true
tracks/0/path = NodePath("Shotgun")
tracks/0/interp = 1
tracks/0/loop_wrap = true
tracks/0/keys = PackedFloat32Array(0, 1, 0.085, -0.175, -0.215, 0.25, 1, 0.085, -0.355, -0.215)
tracks/1/type = "rotation_3d"
tracks/1/imported = false
tracks/1/enabled = true
tracks/1/path = NodePath("Shotgun")
tracks/1/interp = 1
tracks/1/loop_wrap = true
tracks/1/keys = PackedFloat32Array(0, 1, 0, 0, 0, 1, 0.25, 1, -0.304864, 0, 0, 0.952396)

[sub_resource type="Animation" id="Animation_28y8p"]
resource_name = "Slap"
length = 0.6
step = 0.0333
tracks/0/type = "position_3d"
tracks/0/imported = false
tracks/0/enabled = true
tracks/0/path = NodePath("Slapper")
tracks/0/interp = 1
tracks/0/loop_wrap = true
tracks/0/keys = PackedFloat32Array(0, 1, 0.14, -0.13, -0.145, 0.1332, 1, 0.13, -0.005, -0.135, 0.1998, 1, 0.021, -0.039, -0.136, 0.2664, 1, -0.165, -0.208, -0.137, 0.3663, 1, -0.165, -0.208, -0.137, 0.3996, 1, 0.065, -0.475, -0.145, 0.5994, 1, 0.14, -0.13, -0.145)
tracks/1/type = "rotation_3d"
tracks/1/imported = false
tracks/1/enabled = true
tracks/1/path = NodePath("Slapper")
tracks/1/interp = 1
tracks/1/loop_wrap = true
tracks/1/keys = PackedFloat32Array(0, 1, 0.0717862, 0.909558, 0.403964, 0.0660547, 0.1332, 1, 0.0709922, 0.805128, 0.557278, 0.190187, 0.1998, 1, 0.310236, 0.937765, -0.0851041, -0.130797, 0.2664, 1, 0.318869, 0.915376, -0.245759, -0.00339559, 0.3663, 1, 0.318869, 0.915376, -0.245759, -0.00339559, 0.3996, 1, 0.0717862, 0.909558, 0.403964, 0.0660547, 0.5994, 1, 0.0717862, 0.909558, 0.403964, 0.0660547)
tracks/2/type = "method"
tracks/2/imported = false
tracks/2/enabled = true
tracks/2/path = NodePath("../..")
tracks/2/interp = 1
tracks/2/loop_wrap = true
tracks/2/keys = {
"times": PackedFloat32Array(0.1998),
"transitions": PackedFloat32Array(1),
"values": [{
"args": [],
"method": &"_slap"
}]
}

[sub_resource type="Animation" id="Animation_r2qqc"]
resource_name = "SlapperEquip"
length = 0.25
step = 0.05
tracks/0/type = "rotation_3d"
tracks/0/imported = false
tracks/0/enabled = true
tracks/0/path = NodePath("Slapper")
tracks/0/interp = 1
tracks/0/loop_wrap = true
tracks/0/keys = PackedFloat32Array(0, 1, 0.164924, 0.936935, -0.262137, 0.16198, 0.25, 1, 0.0717863, 0.909558, 0.403964, 0.0660546)
tracks/1/type = "position_3d"
tracks/1/imported = false
tracks/1/enabled = true
tracks/1/path = NodePath("Slapper")
tracks/1/interp = 1
tracks/1/loop_wrap = true
tracks/1/keys = PackedFloat32Array(0, 1, 0.14, -0.2, -0.145, 0.25, 1, 0.14, -0.13, -0.145)

[sub_resource type="Animation" id="Animation_pah7n"]
resource_name = "SlapperUnequip"
length = 0.25
step = 0.05
tracks/0/type = "position_3d"
tracks/0/imported = false
tracks/0/enabled = true
tracks/0/path = NodePath("Slapper")
tracks/0/interp = 1
tracks/0/loop_wrap = true
tracks/0/keys = PackedFloat32Array(0, 1, 0.14, -0.13, -0.145, 0.25, 1, 0.14, -0.2, -0.145)
tracks/1/type = "rotation_3d"
tracks/1/imported = false
tracks/1/enabled = true
tracks/1/path = NodePath("Slapper")
tracks/1/interp = 1
tracks/1/loop_wrap = true
tracks/1/keys = PackedFloat32Array(0, 1, 0.0717864, 0.909558, 0.403964, 0.0660545, 0.25, 1, 0.166762, 0.930257, -0.282732, 0.163937)

[sub_resource type="AnimationLibrary" id="AnimationLibrary_3q633"]
_data = {
"PistolEquip": SubResource("Animation_37gcc"),
"PistolShoot": SubResource("Animation_2htne"),
"PistolUnequip": SubResource("Animation_p4hij"),
"RESET": SubResource("Animation_chyh5"),
"RifleEquip": SubResource("Animation_yquew"),
"RifleShoot": SubResource("Animation_vnien"),
"RifleUnequip": SubResource("Animation_6e0nd"),
"SMGEquip": SubResource("Animation_2xlax"),
"SMGShoot": SubResource("Animation_wkgcg"),
"SMGUnequip": SubResource("Animation_ws6cv"),
"ShotgunEquip": SubResource("Animation_mey44"),
"ShotgunShoot": SubResource("Animation_l34i7"),
"ShotgunUnequip": SubResource("Animation_ij2ii"),
"Slap": SubResource("Animation_28y8p"),
"SlapperEquip": SubResource("Animation_r2qqc"),
"SlapperUnequip": SubResource("Animation_pah7n")
}

[sub_resource type="LabelSettings" id="LabelSettings_byxgu"]
font_size = 76
font_color = Color(1, 0.152941, 0.109804, 1)

[sub_resource type="LabelSettings" id="LabelSettings_tg22j"]
font_size = 68
font_color = Color(0, 0.376471, 0.560784, 1)

[sub_resource type="LabelSettings" id="LabelSettings_6sj48"]
font_size = 48
font_color = Color(0.207843, 0.207843, 0.207843, 1)

[sub_resource type="LabelSettings" id="LabelSettings_j2l27"]
font_size = 48
font_color = Color(0.207843, 0.207843, 0.207843, 1)

[node name="Player" instance=ExtResource("1_sksl4")]
script = ExtResource("2_p530v")

[node name="Weapons" parent="." index="1"]
transform = Transform3D(0.843761, -0.0740573, 0.531585, -0.255854, 0.815158, 0.519669, -0.471811, -0.574485, 0.668851, 0.168365, 1.46476, -0.381017)

[node name="Mesh" parent="Weapons/Pistol" index="0"]
cast_shadow = 3

[node name="Mesh" parent="Weapons/SMG" index="0"]
cast_shadow = 3

[node name="Mesh" parent="Weapons/Rifle" index="0"]
cast_shadow = 3

[node name="Mesh" parent="Weapons/Shotgun" index="0"]
cast_shadow = 3

[node name="FPWeapons" type="Node3D" parent="AimHelper" index="0"]

[node name="Slapper" parent="AimHelper/FPWeapons" index="0" instance=ExtResource("7_of6tn")]
transform = Transform3D(-0.893125, 0.393968, 0.217064, 0.224124, 0.808168, -0.544639, -0.389995, -0.437781, -0.810093, 0.14, -0.2, -0.145)
material_override = SubResource("StandardMaterial3D_hm4ms")
surface_material_override/0 = SubResource("StandardMaterial3D_15itc")

[node name="Pistol" parent="AimHelper/FPWeapons" index="1" instance=ExtResource("8_wni34")]
transform = Transform3D(-1, 1.22158e-07, 8.87531e-08, 1.06581e-13, 0.587785, -0.809017, -1.50996e-07, -0.809017, -0.587785, 0.08, -0.275, -0.16)
visible = false

[node name="SMG" parent="AimHelper/FPWeapons" index="2" instance=ExtResource("5_jery0")]
transform = Transform3D(1, 0, 0, 0, 1, 0, 0, 0, 1, 0.09, -0.16, -0.135)
visible = false

[node name="Rifle" parent="AimHelper/FPWeapons" index="3" instance=ExtResource("9_kxdh1")]
transform = Transform3D(-1, 9.08716e-08, 1.20591e-07, -5.32907e-14, 0.798636, -0.601816, -1.50996e-07, -0.601816, -0.798636, 0.105, -0.4, -0.275)
visible = false
surface_material_override/0 = SubResource("StandardMaterial3D_5y7vo")

[node name="Shotgun" parent="AimHelper/FPWeapons" index="4" instance=ExtResource("10_0co2x")]
transform = Transform3D(1, 0, 0, 0, 1, 0, 0, 0, 1, 0.085, -0.175, -0.215)
visible = false
surface_material_override/0 = SubResource("StandardMaterial3D_iala0")

[node name="FPAnimator" type="AnimationPlayer" parent="AimHelper/FPWeapons" index="5"]
unique_name_in_owner = true
libraries = {
"": SubResource("AnimationLibrary_3q633")
}
autoplay = "SlapperEquip"

[node name="Camera" parent="AimHelper" index="1"]
transform = Transform3D(1, 0, 0, 0, 1, 0, 0, 0, 1, 0, 0, 0)

[node name="RemoteTransform3D" type="RemoteTransform3D" parent="AimHelper/Camera" index="0"]
remote_path = NodePath("../../../CanvasLayer/SubViewportContainer/SubViewport/FPCamera")

[node name="Skeleton3D" parent="Puppet" index="2"]
bones/1/position = Vector3(-8.81538e-10, 0.897158, -0.0641973)
bones/2/rotation = Quaternion(-0.144188, 0.00092293, 0.00237066, 0.989547)
bones/4/rotation = Quaternion(0.0826954, 0.0131003, 0.0180954, 0.996324)
bones/5/rotation = Quaternion(-0.023072, -0.000161094, -0.00108984, 0.999733)
bones/7/rotation = Quaternion(-0.189044, 0.258621, -0.488656, 0.811537)
bones/8/rotation = Quaternion(0.256973, 0.035219, -0.0500389, 0.96448)
bones/9/rotation = Quaternion(-0.00685351, -0.334724, -0.0183886, 0.942112)
bones/11/rotation = Quaternion(-0.13728, -0.0284011, 0.158467, 0.977362)
bones/12/rotation = Quaternion(-0.0728706, -0.00440988, -0.0389535, 0.996571)
bones/14/rotation = Quaternion(0.0639335, -0.172032, -0.0801874, 0.979739)
bones/15/rotation = Quaternion(0.0688573, 0.146545, 0.0441172, 0.985818)
bones/17/rotation = Quaternion(-0.304343, -0.0307414, 0.277622, 0.91069)
bones/18/rotation = Quaternion(-0.0645516, 0.0977242, -0.0941116, 0.988649)
bones/20/rotation = Quaternion(0.201264, 0.118391, 0.508285, 0.828929)
bones/21/rotation = Quaternion(0.69509, -0.0257717, 0.135343, 0.705597)
bones/22/rotation = Quaternion(0.129321, 0.267428, -0.065053, 0.952642)
bones/24/rotation = Quaternion(-0.13052, 0.0434914, -0.136827, 0.980995)
bones/25/rotation = Quaternion(-0.0603244, 0.0141153, 0.021866, 0.99784)
bones/27/rotation = Quaternion(0.0953259, 0.161058, 0.105448, 0.976654)
bones/28/rotation = Quaternion(0.0967652, -0.128805, -0.0743622, 0.984132)
bones/30/rotation = Quaternion(-0.521427, -0.384237, 0.592523, 0.478949)
bones/31/rotation = Quaternion(-0.291467, -0.110498, 0.336933, 0.888433)
bones/33/rotation = Quaternion(-0.589606, 0.227296, -0.157668, 0.758842)
bones/34/rotation = Quaternion(-0.069186, 0.00388623, 0.105999, 0.991949)
bones/35/rotation = Quaternion(0.26284, -0.134716, -0.615417, 0.730773)
bones/36/rotation = Quaternion(0.00495412, -0.00577786, -0.163837, 0.986458)
bones/38/rotation = Quaternion(-0.529985, -0.0659365, 0.326326, 0.779923)
bones/39/rotation = Quaternion(-0.119923, -0.00382225, -0.183733, 0.975626)
bones/40/rotation = Quaternion(0.219769, 0.130161, 0.507306, 0.823043)
bones/41/rotation = Quaternion(0.00495411, 0.00577787, 0.163837, 0.986458)

[node name="Body" parent="Puppet/Skeleton3D" index="0"]
cast_shadow = 3

[node name="Head" parent="Puppet/Skeleton3D" index="1"]
transform = Transform3D(-0.999983, -0.00573093, 0.000571909, -0.00574677, 0.986289, -0.164925, 0.000381107, -0.164926, -0.986306, -0.000938742, 1.57652, -0.0394504)

[node name="HeadArea" parent="Puppet/Skeleton3D/Head" index="0"]
collision_layer = 4
collision_mask = 1

[node name="Neck" parent="Puppet/Skeleton3D" index="2"]
transform = Transform3D(-0.999994, -0.00352681, 0.00046329, -0.00354538, 0.977641, -0.210251, 0.000288581, -0.210251, -0.977648, -0.00071237, 1.51377, -0.0259552)

[node name="NeckArea" parent="Puppet/Skeleton3D/Neck" index="0"]
collision_layer = 4
collision_mask = 1

[node name="Chest" parent="Puppet/Skeleton3D" index="3"]
transform = Transform3D(-0.999987, 0.00495803, -0.0011433, 0.00464359, 0.981135, 0.193268, 0.00207995, 0.19326, -0.981145, -1.78813e-09, 1.13533, -0.0868667)

[node name="ChestArea" parent="Puppet/Skeleton3D/Chest" index="0"]
collision_layer = 4
collision_mask = 1

[node name="Stomach" parent="Puppet/Skeleton3D" index="4"]
transform = Transform3D(-1, -3.78941e-09, -3.89234e-07, 3.31093e-08, 0.995501, -0.0947544, 3.87842e-07, -0.0947544, -0.995501, -8.81538e-10, 0.897158, -0.0641973)

[node name="StomachArea" parent="Puppet/Skeleton3D/Stomach" index="0"]
collision_layer = 4
collision_mask = 1

[node name="R_UpperArm" parent="Puppet/Skeleton3D" index="5"]
transform = Transform3D(0.984103, 0.172044, -0.0440734, 0.153307, -0.697642, 0.699852, 0.0896577, -0.695483, -0.712927, 0.19447, 1.39717, -0.0332367)

[node name="R_UpperArmArea" parent="Puppet/Skeleton3D/R_UpperArm" index="0"]
collision_layer = 4
collision_mask = 1

[node name="R_Forearm" parent="Puppet/Skeleton3D" index="6"]
transform = Transform3D(0.963543, -0.266647, -0.0220162, 0.196366, 0.648883, 0.735113, -0.181729, -0.712636, 0.677587, 0.230371, 1.25159, -0.178365)

[node name="R_ForearmArea" parent="Puppet/Skeleton3D/R_Forearm" index="0"]
collision_layer = 4
collision_mask = 1

[node name="R_Hand" parent="Puppet/Skeleton3D" index="7"]
transform = Transform3D(0.843761, -0.0740573, 0.531585, -0.255854, 0.815158, 0.519669, -0.471811, -0.574485, 0.668851, 0.17563, 1.3848, -0.324665)

[node name="R_HandArea" parent="Puppet/Skeleton3D/R_Hand" index="0"]
collision_layer = 4
collision_mask = 1

[node name="L_UpperArm" parent="Puppet/Skeleton3D" index="8"]
transform = Transform3D(0.97643, -0.196452, 0.0893912, -0.158975, -0.934747, -0.317766, 0.145984, 0.296065, -0.943946, -0.195451, 1.39642, -0.0331789)

[node name="L_UpperArmArea" parent="Puppet/Skeleton3D/L_UpperArm" index="0"]
collision_layer = 4
collision_mask = 1

[node name="L_Forearm" parent="Puppet/Skeleton3D" index="9"]
transform = Transform3D(0.976153, -0.0136057, 0.216659, -0.0547194, -0.98123, 0.184918, 0.210076, -0.192364, -0.958574, -0.236445, 1.20137, 0.0286015)

[node name="L_ForearmArea" parent="Puppet/Skeleton3D/L_Forearm" index="0"]
collision_layer = 4
collision_mask = 1

[node name="L_Hand" parent="Puppet/Skeleton3D" index="10"]
transform = Transform3D(0.893865, 0.0245747, -0.447662, 0.103749, -0.982732, 0.153212, -0.436167, -0.183395, -0.880979, -0.239238, 0.999929, -0.0108894)

[node name="L_HandArea" parent="Puppet/Skeleton3D/L_Hand" index="0"]
collision_layer = 4
collision_mask = 1

[node name="R_Thigh" parent="Puppet/Skeleton3D" index="11"]
transform = Transform3D(0.486619, 0.0589448, 0.871623, -0.284536, -0.932625, 0.221924, 0.825979, -0.356001, -0.437061, 0.0851499, 0.879668, -0.0593682)

[node name="R_ThighArea" parent="Puppet/Skeleton3D/R_Thigh" index="0"]
collision_layer = 4
collision_mask = 1

[node name="R_Shin" parent="Puppet/Skeleton3D" index="12"]
transform = Transform3D(0.477584, 0.0254373, 0.878218, 0.0796183, -0.996721, -0.0144274, 0.874971, 0.0768125, -0.478043, 0.109916, 0.487817, -0.208945)

[node name="R_ShinArea" parent="Puppet/Skeleton3D/R_Shin" index="0"]
collision_layer = 4
collision_mask = 1

[node name="R_Foot" parent="Puppet/Skeleton3D" index="13"]
transform = Transform3D(0.245939, 0.0720784, 0.966602, -0.853541, -0.456466, 0.25121, 0.459327, -0.886817, -0.0507407, 0.11946, 0.11384, -0.180125)

[node name="R_FootArea" parent="Puppet/Skeleton3D/R_Foot" index="0"]
collision_layer = 4
collision_mask = 1

[node name="L_Thigh" parent="Puppet/Skeleton3D" index="14"]
transform = Transform3D(0.496347, -0.0503128, -0.866665, -0.128196, -0.991622, -0.0158522, -0.858607, 0.118971, -0.498639, -0.0851499, 0.879668, -0.0593682)

[node name="L_ThighArea" parent="Puppet/Skeleton3D/L_Thigh" index="0"]
collision_layer = 4
collision_mask = 1

[node name="L_Shin" parent="Puppet/Skeleton3D" index="15"]
transform = Transform3D(0.494019, -0.0351023, -0.868742, -0.332953, -0.930655, -0.151733, -0.803174, 0.364209, -0.471449, -0.106289, 0.463028, -0.00938122)

[node name="L_ShinArea" parent="Puppet/Skeleton3D/L_Shin" index="0"]
collision_layer = 4
collision_mask = 1

[node name="L_Foot" parent="Puppet/Skeleton3D" index="16"]
transform = Transform3D(0.245938, -0.0720763, -0.966602, 0.853542, -0.456465, 0.251208, -0.459326, -0.886817, -0.0507419, -0.11946, 0.11384, 0.127273)

[node name="L_FootArea" parent="Puppet/Skeleton3D/L_Foot" index="0"]
collision_layer = 4
collision_mask = 1

[node name="CanvasLayer" type="CanvasLayer" parent="." index="8"]

[node name="SubViewportContainer" type="SubViewportContainer" parent="CanvasLayer" index="0"]
anchors_preset = 15
anchor_right = 1.0
anchor_bottom = 1.0
grow_horizontal = 2
grow_vertical = 2
stretch = true

[node name="SubViewport" type="SubViewport" parent="CanvasLayer/SubViewportContainer" index="0"]
transparent_bg = true
handle_input_locally = false
size = Vector2i(1920, 1080)
render_target_update_mode = 4

[node name="FPCamera" type="Camera3D" parent="CanvasLayer/SubViewportContainer/SubViewport" index="0"]
transform = Transform3D(1, 0, 0, 0, 1, 0, 0, 0, 1, 0, 1.65, 0)
cull_mask = 8
current = true

[node name="UI" type="Control" parent="CanvasLayer" index="1"]
process_mode = 3
layout_mode = 3
anchors_preset = 8
anchor_left = 0.5
anchor_top = 0.5
anchor_right = 0.5
anchor_bottom = 0.5
grow_horizontal = 2
grow_vertical = 2
pivot_offset = Vector2(960, 540)
script = ExtResource("7_bolck")

[node name="Crosshair" type="Sprite2D" parent="CanvasLayer/UI" index="0"]
scale = Vector2(1.2, 1.2)
texture = ExtResource("11_ky6qt")

[node name="Health" type="BoxContainer" parent="CanvasLayer/UI" index="1"]
layout_mode = 1
offset_left = -881.0
offset_top = -472.0
offset_right = -752.0
offset_bottom = -270.0
vertical = true

[node name="Health" type="Label" parent="CanvasLayer/UI/Health" index="0"]
unique_name_in_owner = true
layout_mode = 2
text = "100"
label_settings = SubResource("LabelSettings_byxgu")
vertical_alignment = 1

[node name="Armor" type="Label" parent="CanvasLayer/UI/Health" index="1"]
unique_name_in_owner = true
layout_mode = 2
text = "0
"
label_settings = SubResource("LabelSettings_tg22j")

[node name="Weapon" type="VBoxContainer" parent="CanvasLayer/UI" index="2"]
layout_mode = 0
offset_left = 724.0
offset_top = 331.0
offset_right = 821.0
offset_bottom = 469.0

[node name="AmmoInMag" type="Label" parent="CanvasLayer/UI/Weapon" index="0"]
unique_name_in_owner = true
layout_mode = 2
text = "0 / 0"
label_settings = SubResource("LabelSettings_6sj48")
horizontal_alignment = 2
vertical_alignment = 1

[node name="ExtraAmmo" type="Label" parent="CanvasLayer/UI/Weapon" index="1"]
unique_name_in_owner = true
layout_mode = 2
text = "0"
label_settings = SubResource("LabelSettings_j2l27")
horizontal_alignment = 2
vertical_alignment = 1

[node name="DMG_Left" type="Sprite2D" parent="CanvasLayer/UI" index="3"]
modulate = Color(1, 1, 1, 0)
position = Vector2(-1397, -107)
rotation = -3.14159
scale = Vector2(1.38477, 1.38477)
texture = ExtResource("10_4i56j")

[node name="DMG_Right" type="Sprite2D" parent="CanvasLayer/UI" index="4"]
modulate = Color(1, 1, 1, 0)
position = Vector2(1413, 61)
scale = Vector2(1.38477, 1.38477)
texture = ExtResource("10_4i56j")

[node name="DMG_Up" type="Sprite2D" parent="CanvasLayer/UI" index="5"]
modulate = Color(1, 1, 1, 0)
position = Vector2(164, -1046)
rotation = -1.57079
scale = Vector2(1.38477, 2.15647)
texture = ExtResource("10_4i56j")

[node name="DMG_Down" type="Sprite2D" parent="CanvasLayer/UI" index="6"]
modulate = Color(1, 1, 1, 0)
position = Vector2(-142, 1034)
rotation = -4.71238
scale = Vector2(1.38477, 2.15647)
texture = ExtResource("10_4i56j")

[connection signal="finished_reloading" from="Weapons/Pistol" to="." method="update_UI"]
[connection signal="finished_reloading" from="Weapons/SMG" to="." method="update_UI"]
[connection signal="finished_reloading" from="Weapons/Rifle" to="." method="update_UI"]
[connection signal="finished_reloading" from="Weapons/Shotgun" to="." method="update_UI"]

[editable path="Weapons/Pistol"]
[editable path="Weapons/Pistol/Mesh"]
[editable path="Weapons/SMG"]
[editable path="Weapons/SMG/Mesh"]
[editable path="Weapons/Rifle"]
[editable path="Weapons/Shotgun"]
[editable path="Puppet"]
