[gd_scene load_steps=8 format=3 uid="uid://bvtob15rpepds"]

[ext_resource type="PackedScene" uid="uid://1s5qidco641t" path="res://Characters/CharacterBase.tscn" id="1_l1vxh"]
[ext_resource type="Script" path="res://Characters/Player.gd" id="2_pimkv"]
[ext_resource type="Script" path="res://Characters/Pause.gd" id="3_dkci2"]
[ext_resource type="PackedScene" uid="uid://cje6h18cutmm0" path="res://Props/SlapperBase.tscn" id="3_hb1dg"]
[ext_resource type="Texture2D" uid="uid://dwg7182f40h5u" path="res://Characters/CrossHair.png" id="4_vym86"]

[sub_resource type="CapsuleShape3D" id="CapsuleShape3D_hykio"]
radius = 0.25
height = 1.75

[sub_resource type="LabelSettings" id="LabelSettings_ue0id"]
font_size = 48

[node name="Player" instance=ExtResource("1_l1vxh")]
script = ExtResource("2_pimkv")

[node name="Collision" parent="." index="0"]
shape = SubResource("CapsuleShape3D_hykio")

[node name="AimHelper" parent="." index="1"]
transform = Transform3D(1, 0, 0, 0, 1, 0, 0, 0, 1, 0, 1.6, 0)

[node name="ShootCast" parent="AimHelper" index="0"]
collision_mask = 9

[node name="MainCamera" type="Camera3D" parent="AimHelper" index="1"]
transform = Transform3D(1, 0, 0, 0, 1, 0, 0, 0, 1, 0, 0, -0.105338)
cull_mask = 1048573

[node name="RemoteTransform3D" type="RemoteTransform3D" parent="AimHelper/MainCamera" index="0"]
remote_path = NodePath("../../../CanvasLayer/SubViewportContainer/SubViewport/GunCamera")

[node name="SlapperModel" parent="AimHelper/Weapons" index="0" instance=ExtResource("3_hb1dg")]
transform = Transform3D(-0.964334, -0.11525, 0.238279, 0.115916, 0.625427, 0.771625, -0.237956, 0.771724, -0.589761, 0.175, -0.06, -1.06)
layers = 2

[node name="Skeleton3D" parent="PuppetAnimations/Character" index="0"]
bones/1/position = Vector3(2.69098e-10, 0.892192, -0.0641973)
bones/1/rotation = Quaternion(7.33823e-09, 0.998875, -0.0474306, -1.94488e-07)
bones/2/rotation = Quaternion(-0.146623, 0.000521979, 0.00337852, 0.989187)
bones/4/rotation = Quaternion(0.101452, 0.0135721, 0.0184734, 0.994576)
bones/5/rotation = Quaternion(0.00858464, 0.00122099, -0.00240239, 0.99996)
bones/7/rotation = Quaternion(0.644234, -0.177767, -0.555334, 0.494941)
bones/8/rotation = Quaternion(0.170441, 0.0359459, -0.033187, 0.984153)
bones/10/rotation = Quaternion(0.484692, 0.211575, 0.607992, 0.592162)
bones/11/rotation = Quaternion(0.441944, -0.0325913, 0.0860523, 0.892311)
bones/12/position = Vector3(-0.0205576, 0.303965, 0.340785)
bones/12/rotation = Quaternion(-0.420903, -0.17798, -0.539718, 0.707013)
bones/15/rotation = Quaternion(-0.136752, -0.0311937, 0.100512, 0.984999)
bones/16/rotation = Quaternion(-0.352684, -0.0473181, -0.50171, 0.788455)
bones/21/rotation = Quaternion(0.00413222, -0.168782, -0.154747, 0.973421)
bones/22/rotation = Quaternion(-0.394365, 0.0948889, -0.480339, 0.777654)
bones/26/rotation = Quaternion(-0.368907, -0.0234359, 0.416803, 0.830442)
bones/27/rotation = Quaternion(-0.105765, -0.0530162, -0.0569686, 0.991341)
bones/28/rotation = Quaternion(0.488407, 0.31796, -0.131902, 0.801849)
bones/29/rotation = Quaternion(0.424478, 0.230922, -0.184176, 0.855905)
bones/30/position = Vector3(-0.0489871, 0.313506, 0.335111)
bones/30/rotation = Quaternion(-0.42215, 0.0391671, 0.481032, 0.767374)
bones/33/rotation = Quaternion(-0.244851, 0.183849, 0.0430019, 0.950999)
bones/34/rotation = Quaternion(-0.38701, -0.00258394, 0.473995, 0.790914)
bones/39/rotation = Quaternion(-0.0280183, 0.194239, 0.268623, 0.943042)
bones/40/rotation = Quaternion(-0.46123, -0.0717649, 0.471175, 0.748405)
bones/44/rotation = Quaternion(-0.240005, -0.529209, 0.632703, 0.511881)
bones/45/rotation = Quaternion(-0.209561, -0.246504, 0.40331, 0.855956)
bones/46/rotation = Quaternion(-0.194864, -0.608145, 0.769239, -0.0214367)
bones/47/rotation = Quaternion(0.106653, 0.432649, -0.729198, 0.519337)
bones/49/rotation = Quaternion(-0.551773, 0.320165, -0.253399, 0.727207)
bones/50/rotation = Quaternion(-0.0923657, 0.00386133, 0.141512, 0.98561)
bones/52/rotation = Quaternion(-0.519997, -0.151893, 0.421315, 0.727341)
bones/53/rotation = Quaternion(-0.122614, -0.00381785, -0.187855, 0.974506)
bones/54/position = Vector3(-0.11946, 0.113842, 0.126346)
bones/54/rotation = Quaternion(0.64937, -0.347814, -0.514224, 0.439225)
bones/56/rotation = Quaternion(0.00495412, -0.00577784, -0.163837, 0.986458)
bones/59/position = Vector3(-0.114721, 0.482147, -0.290625)
bones/60/position = Vector3(-0.324582, 0.962178, -0.428659)
bones/60/rotation = Quaternion(0.565929, -0.423939, -0.423939, 0.565929)
bones/61/position = Vector3(0.11946, 0.113841, -0.203503)
bones/61/rotation = Quaternion(0.64937, 0.347814, 0.514224, 0.439225)
bones/63/rotation = Quaternion(0.00495412, 0.00577784, 0.163837, 0.986458)
bones/66/position = Vector3(0.114721, 0.482147, -0.290625)
bones/67/position = Vector3(0.177047, 0.971755, -0.536806)
bones/67/rotation = Quaternion(0.565929, 0.423939, 0.423939, 0.565929)

[node name="Body" parent="PuppetAnimations/Character/Skeleton3D" index="0"]
cast_shadow = 3

[node name="Head" parent="PuppetAnimations/Character/Skeleton3D" index="1"]
transform = Transform3D(-0.999986, -0.00493303, -0.00200863, -0.00424519, 0.965926, -0.258784, 0.00321677, -0.258772, -0.965933, 1.48979e-05, 1.57078, -0.0396378)

[node name="HeadArea" parent="PuppetAnimations/Character/Skeleton3D/Head" index="0"]
collision_layer = 4

[node name="Neck" parent="PuppetAnimations/Character/Skeleton3D" index="2"]
transform = Transform3D(-1, -0.000114185, 0.000390097, -0.000205248, 0.970237, -0.242157, -0.000350837, -0.242157, -0.970237, 2.22269e-05, 1.5085, -0.0240948)

[node name="NeckArea" parent="PuppetAnimations/Character/Skeleton3D/Neck" index="0"]
collision_layer = 4

[node name="Chest" parent="PuppetAnimations/Character/Skeleton3D" index="3"]
transform = Transform3D(-0.999977, 0.00683714, -4.23099e-05, 0.00669327, 0.98016, 0.198092, 0.00139586, 0.198088, -0.980183, -6.37499e-10, 1.13036, -0.0868667)

[node name="ChestArea" parent="PuppetAnimations/Character/Skeleton3D/Chest" index="0"]
collision_layer = 4

[node name="Stomach" parent="PuppetAnimations/Character/Skeleton3D" index="4"]
transform = Transform3D(-1, -3.78941e-09, -3.89234e-07, 3.31093e-08, 0.9955, -0.0947544, 3.87842e-07, -0.0947544, -0.995501, 2.69098e-10, 0.892192, -0.0641973)

[node name="StomachArea" parent="PuppetAnimations/Character/Skeleton3D/Stomach" index="0"]
collision_layer = 4

[node name="L_UpperArm" parent="PuppetAnimations/Character/Skeleton3D" index="5"]
transform = Transform3D(0.863077, 0.48171, 0.151836, -0.228002, 0.103343, 0.96816, 0.450681, -0.870216, 0.199024, -0.194952, 1.39159, -0.0320332)

[node name="L_UpperArmArea" parent="PuppetAnimations/Character/Skeleton3D/L_UpperArm" index="0"]
collision_layer = 4

[node name="L_Forearm" parent="PuppetAnimations/Character/Skeleton3D" index="6"]
transform = Transform3D(0.820921, 0.57019, 0.0311702, -0.311847, 0.401912, 0.86094, 0.478372, -0.716484, 0.507751, -0.0944327, 1.41316, -0.213623)

[node name="L_ForearmArea" parent="PuppetAnimations/Character/Skeleton3D/L_Forearm" index="0"]
collision_layer = 4

[node name="L_Hand" parent="PuppetAnimations/Character/Skeleton3D" index="7"]
transform = Transform3D(-0.35827, -0.912531, -0.197307, -0.458959, -0.0118924, 0.888377, -0.813019, 0.408835, -0.414553, 0.022621, 1.49566, -0.360716)

[node name="L_HandArea" parent="PuppetAnimations/Character/Skeleton3D/L_Hand" index="0"]
collision_layer = 4

[node name="R_UpperArm" parent="PuppetAnimations/Character/Skeleton3D" index="8"]
transform = Transform3D(0.949702, -0.311415, -0.0329812, -0.0126203, -0.143294, 0.989599, -0.312902, -0.939408, -0.140016, 0.19497, 1.39153, -0.0318118)

[node name="R_UpperArmArea" parent="PuppetAnimations/Character/Skeleton3D/R_UpperArm" index="0"]
collision_layer = 4

[node name="R_Forearm" parent="PuppetAnimations/Character/Skeleton3D" index="9"]
transform = Transform3D(0.890339, -0.384187, 0.24433, 0.102543, 0.692054, 0.714525, -0.443601, -0.611115, 0.655558, 0.129986, 1.36163, -0.22784)

[node name="R_ForearmArea" parent="PuppetAnimations/Character/Skeleton3D/R_Forearm" index="0"]
collision_layer = 4

[node name="R_Hand" parent="PuppetAnimations/Character/Skeleton3D" index="10"]
transform = Transform3D(-0.529294, 0.772576, 0.350676, 0.602419, 0.051167, 0.796538, 0.597443, 0.632857, -0.492497, 0.0511153, 1.5037, -0.353304)

[node name="R_HandArea" parent="PuppetAnimations/Character/Skeleton3D/R_Hand" index="0"]
collision_layer = 4

[node name="L_Thigh" parent="PuppetAnimations/Character/Skeleton3D" index="11"]
transform = Transform3D(0.718609, -0.0598457, -0.692834, -0.0954515, -0.995348, -0.0130264, -0.688832, 0.0754928, -0.720979, -0.0851499, 0.874702, -0.0593682)

[node name="L_ThighArea" parent="PuppetAnimations/Character/Skeleton3D/L_Thigh" index="0"]
collision_layer = 4

[node name="L_Shin" parent="PuppetAnimations/Character/Skeleton3D" index="12"]
transform = Transform3D(0.696541, -0.132008, -0.70527, -0.36813, -0.909448, -0.193349, -0.615883, 0.394306, -0.682064, -0.110295, 0.456496, -0.0276491)

[node name="L_ShinArea" parent="PuppetAnimations/Character/Skeleton3D/L_Shin" index="0"]
collision_layer = 4

[node name="L_Foot" parent="PuppetAnimations/Character/Skeleton3D" index="13"]
transform = Transform3D(0.245937, -0.0720779, -0.966602, 0.853542, -0.456465, 0.251209, -0.459327, -0.886817, -0.0507405, -0.11946, 0.113842, 0.126346)

[node name="L_FootArea" parent="PuppetAnimations/Character/Skeleton3D/L_Foot" index="0"]
collision_layer = 4

[node name="R_Thigh" parent="PuppetAnimations/Character/Skeleton3D" index="14"]
transform = Transform3D(0.686505, -0.0618651, 0.724489, -0.31377, -0.924036, 0.218415, 0.655941, -0.377266, -0.653767, 0.0851499, 0.874702, -0.0593682)

[node name="R_ThighArea" parent="PuppetAnimations/Character/Skeleton3D/R_Thigh" index="0"]
collision_layer = 4

[node name="R_Shin" parent="PuppetAnimations/Character/Skeleton3D" index="15"]
transform = Transform3D(0.699391, 0.0242594, 0.714328, 0.0575252, -0.998092, -0.0224261, 0.712421, 0.0567764, -0.699452, 0.0591566, 0.486459, -0.217881)

[node name="R_ShinArea" parent="PuppetAnimations/Character/Skeleton3D/R_Shin" index="0"]
collision_layer = 4

[node name="R_Foot" parent="PuppetAnimations/Character/Skeleton3D" index="16"]
transform = Transform3D(0.245937, 0.0720779, 0.966602, -0.853542, -0.456465, 0.251209, 0.459327, -0.886817, -0.0507405, 0.11946, 0.113841, -0.203503)

[node name="R_FootArea" parent="PuppetAnimations/Character/Skeleton3D/R_Foot" index="0"]
collision_layer = 4

[node name="AnimationTree" parent="PuppetAnimations" index="2"]
parameters/Idle/IdleUpper_Blend/blend_position = Vector2(1, 1)
parameters/Run/RunUpper_Blend/blend_position = Vector2(1, 1)

[node name="CanvasLayer" type="CanvasLayer" parent="." index="3"]
layer = 2

[node name="SubViewportContainer" type="SubViewportContainer" parent="CanvasLayer" index="0"]
anchors_preset = 15
anchor_right = 1.0
anchor_bottom = 1.0
grow_horizontal = 2
grow_vertical = 2
size_flags_horizontal = 3
size_flags_vertical = 3
stretch = true

[node name="SubViewport" type="SubViewport" parent="CanvasLayer/SubViewportContainer" index="0"]
transparent_bg = true
handle_input_locally = false
gui_disable_input = true
positional_shadow_atlas_size = 4096
size = Vector2i(1920, 1080)
render_target_update_mode = 4

[node name="GunCamera" type="Camera3D" parent="CanvasLayer/SubViewportContainer/SubViewport" index="0"]
transform = Transform3D(1, 0, 0, 0, 1, 0, 0, 0, 1, 0, 1.6, -0.105338)
cull_mask = 14
fov = 74.96
near = 0.01

[node name="UI" type="Control" parent="CanvasLayer" index="1"]
layout_mode = 3
anchors_preset = 15
anchor_right = 1.0
anchor_bottom = 1.0
offset_left = 960.0
offset_top = 540.0
offset_right = -960.0
offset_bottom = -540.0
grow_horizontal = 2
grow_vertical = 2
size_flags_horizontal = 4

[node name="Crosshairs" type="Sprite2D" parent="CanvasLayer/UI" index="0"]
scale = Vector2(0.5, 0.5)
texture = ExtResource("4_vym86")

[node name="VBoxContainer" type="VBoxContainer" parent="CanvasLayer/UI" index="1"]
layout_mode = 0
offset_left = 610.0
offset_top = 340.0
offset_right = 905.0
offset_bottom = 484.0
alignment = 2

[node name="AmmoInMag" type="Label" parent="CanvasLayer/UI/VBoxContainer" index="0"]
unique_name_in_owner = true
layout_mode = 2
size_flags_horizontal = 8
size_flags_vertical = 6
text = "0 / 0"
label_settings = SubResource("LabelSettings_ue0id")
horizontal_alignment = 2
vertical_alignment = 1

[node name="ExtraAmmo" type="Label" parent="CanvasLayer/UI/VBoxContainer" index="1"]
unique_name_in_owner = true
layout_mode = 2
text = "0
"
label_settings = SubResource("LabelSettings_ue0id")
horizontal_alignment = 2
vertical_alignment = 1

[node name="Pause" type="Node" parent="." index="7"]
process_mode = 3
script = ExtResource("3_dkci2")

[editable path="PuppetAnimations"]
