[gd_scene load_steps=13 format=3 uid="uid://bvtob15rpepds"]

[ext_resource type="PackedScene" uid="uid://1s5qidco641t" path="res://Characters/CharacterBase.tscn" id="1_a23yl"]
[ext_resource type="Script" path="res://Characters/Player.gd" id="2_aqpim"]
[ext_resource type="PackedScene" uid="uid://ckqtvo1inhvtn" path="res://Props/Slapper.tscn" id="3_sv1i6"]
[ext_resource type="PackedScene" uid="uid://c7c70o2wmstqa" path="res://Props/PistolBase.tscn" id="4_t2vqu"]
[ext_resource type="PackedScene" uid="uid://c7isot5rpcwus" path="res://Props/RifleBase.tscn" id="5_cgwhm"]
[ext_resource type="Texture2D" uid="uid://dwg7182f40h5u" path="res://Characters/CrossHair.png" id="5_wk7d6"]
[ext_resource type="Script" path="res://Characters/Pause.gd" id="6_qlm7s"]

[sub_resource type="CapsuleShape3D" id="CapsuleShape3D_hykio"]
radius = 0.25
height = 1.75

[sub_resource type="StandardMaterial3D" id="StandardMaterial3D_tin5q"]
albedo_color = Color(0.839216, 0.6, 0.466667, 1)
subsurf_scatter_enabled = true
subsurf_scatter_strength = 1.0
subsurf_scatter_skin_mode = true

[sub_resource type="LabelSettings" id="LabelSettings_lhp81"]
font_size = 76
font_color = Color(0.862745, 0.0980392, 0.0862745, 1)

[sub_resource type="LabelSettings" id="LabelSettings_kxml2"]
font_size = 68
font_color = Color(0.254902, 0, 1, 1)

[sub_resource type="LabelSettings" id="LabelSettings_ue0id"]
font_size = 48

[node name="Player" instance=ExtResource("1_a23yl")]
script = ExtResource("2_aqpim")

[node name="Collision" parent="." index="0"]
shape = SubResource("CapsuleShape3D_hykio")

[node name="AimHelper" parent="." index="1"]
transform = Transform3D(1, 0, 0, 0, 1, 0, 0, 0, 1, 0, 1.6, 0)

[node name="ShootCast" parent="AimHelper" index="0"]
collision_mask = 9

[node name="MainCamera" type="Camera3D" parent="AimHelper" index="1"]
transform = Transform3D(1, 0, 0, 0, 1, 0, 0, 0, 1, 0, 0, -0.105338)
cull_mask = 1048573

[node name="RemoteTransform3D" type="RemoteTransform3D" parent="AimHelper/MainCamera" index="0"]
remote_path = NodePath("../../../CanvasLayer/GunViewContainer/GunView/GunCamera")

[node name="FPWeapons" type="Node3D" parent="AimHelper" index="2"]

[node name="Slapper" parent="AimHelper/FPWeapons" index="0" instance=ExtResource("3_sv1i6")]
transform = Transform3D(0.983385, -0.110576, -0.143971, -0.109524, 0.271082, -0.956305, 0.144773, 0.956184, 0.254467, 0.14, -0.205, -0.31)
visible = false

[node name="Pistol" parent="AimHelper/FPWeapons" index="1" instance=ExtResource("4_t2vqu")]
transform = Transform3D(-1, 0, -8.74228e-08, 0, 1, 0, 8.74228e-08, 0, -1, 0.115, -0.14, -0.31)
visible = false
layers = 2

[node name="RifleModel" parent="AimHelper/FPWeapons" index="2" instance=ExtResource("5_cgwhm")]
transform = Transform3D(-1, 0, -8.74228e-08, 0, 1, 0, 8.74228e-08, 0, -1, 0.125, -0.21, -0.315)
layers = 2

[node name="Weapons" parent="PuppetBase" index="2"]
transform = Transform3D(-0.212479, -0.179648, -0.96051, -0.97145, 0.14499, 0.187781, 0.10553, 0.972987, -0.205326, 0.171998, 1.35415, -0.32198)

[node name="Pistol" parent="PuppetBase/Weapons" index="0"]
visible = false

[node name="Skeleton" parent="PuppetBase" index="3"]
bones/1/position = Vector3(1.61993e-09, 0.88445, -0.0641973)
bones/2/rotation = Quaternion(0.00365761, 2.29531e-05, 0.000281891, 0.999993)
bones/4/rotation = Quaternion(0.00321489, 2.03591e-05, 0.000247606, 0.999995)
bones/5/rotation = Quaternion(0.0042668, 2.62229e-05, 0.000328659, 0.999991)
bones/7/rotation = Quaternion(0.0155615, 0.885766, 0.27534, 0.373315)
bones/8/rotation = Quaternion(-0.016241, -0.722023, -0.0158004, 0.691498)
bones/9/rotation = Quaternion(-0.402513, 0.723614, 0.128801, 0.545689)
bones/11/rotation = Quaternion(0.03074, -0.0189515, -0.0719137, 0.996757)
bones/14/rotation = Quaternion(0.00109754, 0.00196368, -0.00102603, 0.999997)
bones/17/rotation = Quaternion(0.327841, 0.0515272, 0.0456338, 0.942222)
bones/20/rotation = Quaternion(-0.131169, 0.949634, 0.265368, 0.102807)
bones/21/rotation = Quaternion(0.251278, 0.382852, -0.244263, 0.854763)
bones/22/rotation = Quaternion(-0.215179, -0.842995, -0.14429, 0.471422)
bones/24/rotation = Quaternion(0.012748, 0.0234864, 0.0796282, 0.996466)
bones/25/rotation = Quaternion(-0.000477521, -0.00664227, 0.00173768, 0.999976)
bones/27/rotation = Quaternion(-0.00738364, -0.0139019, -0.0474479, 0.99875)
bones/28/rotation = Quaternion(0.00167992, -0.0127482, 0.00297188, 0.999913)
bones/30/rotation = Quaternion(-0.342702, 0.503427, -0.567143, 0.554496)
bones/33/rotation = Quaternion(-0.140961, 0.0567607, 0.988318, -0.0116622)
bones/34/rotation = Quaternion(-0.0312664, 0.995556, 0.0886589, 0.00551259)
bones/35/rotation = Quaternion(0.0738531, 0.797552, -0.587395, 0.115857)
bones/38/rotation = Quaternion(0.133433, -0.172249, 0.97569, -0.0235674)
bones/39/rotation = Quaternion(0.0532612, 0.987049, 0.151027, -0.0093903)
bones/40/rotation = Quaternion(-0.0834304, 0.689994, -0.712306, -0.0978126)

[node name="Body" parent="PuppetBase/Skeleton" index="0"]
cast_shadow = 3
surface_material_override/0 = SubResource("StandardMaterial3D_tin5q")

[node name="Head" parent="PuppetBase/Skeleton" index="1"]
transform = Transform3D(0.999998, -0.00171461, 0.000158179, 0.00171771, 0.99975, -0.0222767, -0.000119944, 0.0222769, 0.999752, -0.00027882, 1.56435, -0.0480895)

[node name="Neck" parent="PuppetBase/Skeleton" index="2"]
transform = Transform3D(1, -0.000563609, 4.79681e-05, 0.000563945, 0.999973, -0.00731516, -4.38439e-05, 0.00731519, 0.999973, 0.00205508, 1.44617, -0.0289735)

[node name="Chest" parent="PuppetBase/Skeleton" index="3"]
transform = Transform3D(1, -0.000563609, 4.79681e-05, 0.000563945, 0.999973, -0.00731516, -4.38439e-05, 0.00731519, 0.999973, 7.1333e-10, 1.12262, -0.0868668)

[node name="Stomach" parent="PuppetBase/Skeleton" index="4"]
transform = Transform3D(1, 0, 0, 0, 1, 0, 0, 0, 1, 1.61993e-09, 0.88445, -0.0641973)

[node name="R_UpperArm" parent="PuppetBase/Skeleton" index="5"]
transform = Transform3D(0.194757, -0.825003, -0.53051, -0.271667, 0.474336, -0.837378, 0.942479, 0.307207, -0.131746, 0.194815, 1.3851, -0.0377817)

[node name="R_Forearm" parent="PuppetBase/Skeleton" index="6"]
transform = Transform3D(0.712528, -0.632242, 0.304259, 0.384438, -0.0109681, -0.923086, 0.586951, 0.774693, 0.235243, 0.225826, 1.22683, -0.170197)

[node name="R_Hand" parent="PuppetBase/Skeleton" index="7"]
transform = Transform3D(-0.212479, -0.179648, -0.96051, -0.97145, 0.14499, 0.187781, 0.10553, 0.972987, -0.205326, 0.171998, 1.35415, -0.32198)

[node name="L_UpperArm" parent="PuppetBase/Skeleton" index="8"]
transform = Transform3D(0.233478, 0.847602, 0.476508, -0.647348, 0.501159, -0.574265, -0.725554, -0.174388, 0.665703, -0.195107, 1.38488, -0.0377647)

[node name="L_Forearm" parent="PuppetBase/Skeleton" index="9"]
transform = Transform3D(0.46735, 0.857478, -0.21521, -0.545005, 0.471112, 0.693558, 0.696099, -0.206844, 0.687504, -0.233589, 1.18832, 0.0207988)

[node name="L_Hand" parent="PuppetBase/Skeleton" index="10"]
transform = Transform3D(-0.224275, 0.267661, 0.937048, -0.784028, 0.521524, -0.33662, -0.578793, -0.810167, 0.0928887, -0.233243, 0.987885, -0.0235956)

[node name="R_Thigh" parent="PuppetBase/Skeleton" index="11"]
transform = Transform3D(-0.96328, 2.15136e-05, 0.268498, -0.0919565, -0.93955, -0.329834, 0.25226, -0.342413, 0.905052, 0.0851499, 0.866961, -0.0593682)

[node name="R_Shin" parent="PuppetBase/Skeleton" index="12"]
transform = Transform3D(0.966944, -0.0242116, -0.253836, -0.0161239, -0.999296, 0.0338943, -0.254478, -0.0286811, -0.966653, 0.111903, 0.485239, -0.232885)

[node name="R_Foot" parent="PuppetBase/Skeleton" index="13"]
transform = Transform3D(-1, -2.08616e-07, -3.95812e-07, -4.08851e-07, 3.76254e-07, 1, -2.23517e-07, 1, -3.1665e-07, 0.11946, 0.113837, -0.180126)

[node name="L_Thigh" parent="PuppetBase/Skeleton" index="14"]
transform = Transform3D(-0.959988, 0.00704997, -0.279952, -0.039054, -0.993285, 0.108907, -0.277304, 0.115483, 0.953817, -0.0851499, 0.866961, -0.0593682)

[node name="L_Shin" parent="PuppetBase/Skeleton" index="15"]
transform = Transform3D(0.962246, 0.0183045, 0.271566, 0.0980421, -0.95407, -0.283087, 0.253911, 0.299025, -0.919844, -0.108559, 0.447753, -0.0434875)

[node name="L_Foot" parent="PuppetBase/Skeleton" index="16"]
transform = Transform3D(-1, 3.27826e-07, 2.23517e-08, 1.49012e-08, 2.98023e-08, 1, 2.68221e-07, 1, 2.98023e-08, -0.11946, 0.113835, 0.127275)

[node name="CanvasLayer" type="CanvasLayer" parent="." index="3"]
layer = 2

[node name="GunViewContainer" type="SubViewportContainer" parent="CanvasLayer" index="0"]
anchors_preset = 15
anchor_right = 1.0
anchor_bottom = 1.0
grow_horizontal = 2
grow_vertical = 2
size_flags_horizontal = 3
size_flags_vertical = 3
stretch = true

[node name="GunView" type="SubViewport" parent="CanvasLayer/GunViewContainer" index="0"]
transparent_bg = true
handle_input_locally = false
gui_disable_input = true
positional_shadow_atlas_size = 4096
size = Vector2i(1920, 1080)
render_target_update_mode = 4

[node name="GunCamera" type="Camera3D" parent="CanvasLayer/GunViewContainer/GunView" index="0"]
transform = Transform3D(1, 0, 0, 0, 1, 0, 0, 0, 1, 0, 1.6, -0.105338)
cull_mask = 14
fov = 74.96
near = 0.01

[node name="UI" type="Control" parent="CanvasLayer" index="1"]
layout_mode = 3
anchors_preset = 15
anchor_right = 1.0
anchor_bottom = 1.0
offset_left = 960.0
offset_top = 540.0
offset_right = -960.0
offset_bottom = -540.0
grow_horizontal = 2
grow_vertical = 2
size_flags_horizontal = 4

[node name="Crosshairs" type="Sprite2D" parent="CanvasLayer/UI" index="0"]
scale = Vector2(0.5, 0.5)
texture = ExtResource("5_wk7d6")

[node name="Health" type="BoxContainer" parent="CanvasLayer/UI" index="1"]
layout_mode = 0
offset_left = -852.0
offset_top = -481.0
offset_right = -686.0
offset_bottom = -273.0
theme_override_constants/separation = -20
vertical = true

[node name="Health" type="Label" parent="CanvasLayer/UI/Health" index="0"]
unique_name_in_owner = true
layout_mode = 2
text = "100"
label_settings = SubResource("LabelSettings_lhp81")
vertical_alignment = 1

[node name="Armor" type="Label" parent="CanvasLayer/UI/Health" index="1"]
unique_name_in_owner = true
layout_mode = 2
text = "0"
label_settings = SubResource("LabelSettings_kxml2")

[node name="Weapon" type="VBoxContainer" parent="CanvasLayer/UI" index="2"]
layout_mode = 0
offset_left = 610.0
offset_top = 340.0
offset_right = 905.0
offset_bottom = 484.0
alignment = 2

[node name="AmmoInMag" type="Label" parent="CanvasLayer/UI/Weapon" index="0"]
unique_name_in_owner = true
layout_mode = 2
size_flags_horizontal = 8
size_flags_vertical = 6
text = "0 / 0"
label_settings = SubResource("LabelSettings_ue0id")
horizontal_alignment = 2
vertical_alignment = 1

[node name="ExtraAmmo" type="Label" parent="CanvasLayer/UI/Weapon" index="1"]
unique_name_in_owner = true
layout_mode = 2
text = "0"
label_settings = SubResource("LabelSettings_ue0id")
horizontal_alignment = 2
vertical_alignment = 1

[node name="Pause" type="Node" parent="." index="7"]
process_mode = 3
script = ExtResource("6_qlm7s")

[editable path="PuppetBase"]
