[gd_scene load_steps=31 format=3 uid="uid://bjvof25uwl8sb"]

[ext_resource type="PackedScene" uid="uid://1s5qidco641t" path="res://Characters/CharacterBase.tscn" id="1_sksl4"]
[ext_resource type="Script" path="res://Characters/Player.gd" id="2_p530v"]
[ext_resource type="Script" path="res://Characters/UI.gd" id="7_bolck"]
[ext_resource type="PackedScene" uid="uid://0r6eljbdbyqv" path="res://Props/Weapons/Slapper/FPSlapper.tscn" id="7_of6tn"]
[ext_resource type="PackedScene" uid="uid://by7wwhoru7x60" path="res://Props/Weapons/Pistol/FPPistol.tscn" id="8_wni34"]
[ext_resource type="PackedScene" uid="uid://btj7bcwc5cjwk" path="res://Props/Weapons/Rifle/FPRifle.tscn" id="9_kxdh1"]
[ext_resource type="PackedScene" uid="uid://cokxjgyi8s31g" path="res://Props/Weapons/Shotgun/FPShotgun.tscn" id="10_0co2x"]
[ext_resource type="Texture2D" uid="uid://dwg7182f40h5u" path="res://Characters/CrossHair.png" id="11_ky6qt"]

[sub_resource type="StandardMaterial3D" id="StandardMaterial3D_hm4ms"]
albedo_color = Color(0.839216, 0.6, 0.466667, 1)
subsurf_scatter_strength = 1.0
subsurf_scatter_skin_mode = true

[sub_resource type="StandardMaterial3D" id="StandardMaterial3D_15itc"]
albedo_color = Color(0.839216, 0.6, 0.466667, 1)
subsurf_scatter_enabled = true
subsurf_scatter_strength = 1.0
subsurf_scatter_skin_mode = true

[sub_resource type="StandardMaterial3D" id="StandardMaterial3D_5y7vo"]
albedo_color = Color(0.305882, 0.305882, 0.305882, 1)
metallic = 0.33
metallic_specular = 0.27
roughness = 0.28
ao_enabled = true
ao_light_affect = 1.0

[sub_resource type="StandardMaterial3D" id="StandardMaterial3D_iala0"]
albedo_color = Color(0.305882, 0.305882, 0.305882, 1)
metallic = 0.33
metallic_specular = 0.27
roughness = 0.28
ao_enabled = true
ao_light_affect = 1.0

[sub_resource type="Animation" id="Animation_37gcc"]
resource_name = "PistolEquip"
length = 0.25
step = 0.05
tracks/0/type = "position_3d"
tracks/0/imported = false
tracks/0/enabled = true
tracks/0/path = NodePath("Pistol")
tracks/0/interp = 1
tracks/0/loop_wrap = true
tracks/0/keys = PackedFloat32Array(0, 1, 0.08, -0.275, -0.16, 0.25, 1, 0.08, -0.115, -0.16)
tracks/1/type = "rotation_3d"
tracks/1/imported = false
tracks/1/enabled = true
tracks/1/path = NodePath("Pistol")
tracks/1/interp = 1
tracks/1/loop_wrap = true
tracks/1/keys = PackedFloat32Array(0, 1, 1.98446e-08, 0.891007, -0.453991, 3.89471e-08, 0.25, 1, 0, 1, 0, -7.54979e-08)

[sub_resource type="Animation" id="Animation_2htne"]
resource_name = "PistolShoot"
length = 0.14
step = 0.01
tracks/0/type = "position_3d"
tracks/0/imported = false
tracks/0/enabled = true
tracks/0/path = NodePath("Pistol")
tracks/0/interp = 1
tracks/0/loop_wrap = true
tracks/0/keys = PackedFloat32Array(0, 1, 0.08, -0.115, -0.16, 0.05, 1, 0.08, -0.08, -0.15, 0.14, 1, 0.08, -0.115, -0.16)
tracks/1/type = "rotation_3d"
tracks/1/imported = false
tracks/1/enabled = true
tracks/1/path = NodePath("Pistol")
tracks/1/interp = 1
tracks/1/loop_wrap = true
tracks/1/keys = PackedFloat32Array(0, 1, 0, 1, 0, -4.37114e-08, 0.05, 1, -8.71465e-09, 0.979925, 0.199368, 4.28339e-08, 0.14, 1, 0, 1, 0, -4.37114e-08)

[sub_resource type="Animation" id="Animation_p4hij"]
resource_name = "PistolUnEquip"
length = 0.25
step = 0.05
tracks/0/type = "position_3d"
tracks/0/imported = false
tracks/0/enabled = true
tracks/0/path = NodePath("Pistol")
tracks/0/interp = 1
tracks/0/loop_wrap = true
tracks/0/keys = PackedFloat32Array(0, 1, 0.08, -0.115, -0.16, 0.25, 1, 0.08, -0.275, -0.16)
tracks/1/type = "rotation_3d"
tracks/1/imported = false
tracks/1/enabled = true
tracks/1/path = NodePath("Pistol")
tracks/1/interp = 1
tracks/1/loop_wrap = true
tracks/1/keys = PackedFloat32Array(0, 1, 0, 1, 0, -7.54979e-08, 0.25, 1, 3.42753e-08, 0.891007, -0.453991, 6.72691e-08)

[sub_resource type="Animation" id="Animation_chyh5"]
length = 0.001

[sub_resource type="Animation" id="Animation_yquew"]
resource_name = "RifleEquip"
length = 0.25
step = 0.05
tracks/0/type = "position_3d"
tracks/0/imported = false
tracks/0/enabled = true
tracks/0/path = NodePath("Rifle")
tracks/0/interp = 1
tracks/0/loop_wrap = true
tracks/0/keys = PackedFloat32Array(0, 1, 0.105, -0.4, -0.275, 0.25, 1, 0.105, -0.235, -0.275)
tracks/1/type = "rotation_3d"
tracks/1/imported = false
tracks/1/enabled = true
tracks/1/path = NodePath("Rifle")
tracks/1/interp = 1
tracks/1/loop_wrap = true
tracks/1/keys = PackedFloat32Array(0, 1, 2.39558e-08, 0.948324, -0.317305, 7.15965e-08, 0.25, 1, 0, 1, 0, -7.54979e-08)

[sub_resource type="Animation" id="Animation_vnien"]
resource_name = "RifleShoot"
length = 0.1111
step = 0.0111
tracks/0/type = "position_3d"
tracks/0/imported = false
tracks/0/enabled = true
tracks/0/path = NodePath("Rifle")
tracks/0/interp = 1
tracks/0/loop_wrap = true
tracks/0/keys = PackedFloat32Array(0, 1, 0.105, -0.235, -0.275, 0.0333, 1, 0.105, -0.235, -0.19, 0.111, 1, 0.105, -0.235, -0.275)
tracks/1/type = "rotation_3d"
tracks/1/imported = false
tracks/1/enabled = true
tracks/1/path = NodePath("Rifle")
tracks/1/interp = 1
tracks/1/loop_wrap = true
tracks/1/keys = PackedFloat32Array(0, 1, 0, 1, 0, -7.5498e-08, 0.0333, 1, -1.33488e-09, 0.999534, 0.0305385, 4.3691e-08, 0.111, 1, 0, 1, 0, -7.5498e-08)

[sub_resource type="Animation" id="Animation_6e0nd"]
resource_name = "RifleUnequip"
length = 0.25
step = 0.05
tracks/0/type = "position_3d"
tracks/0/imported = false
tracks/0/enabled = true
tracks/0/path = NodePath("Rifle")
tracks/0/interp = 1
tracks/0/loop_wrap = true
tracks/0/keys = PackedFloat32Array(0, 1, 0.105, -0.235, -0.275, 0.25, 1, 0.105, -0.4, -0.275)
tracks/1/type = "rotation_3d"
tracks/1/imported = false
tracks/1/enabled = true
tracks/1/path = NodePath("Rifle")
tracks/1/interp = 1
tracks/1/loop_wrap = true
tracks/1/keys = PackedFloat32Array(0, 1, 0, 1, 0, -7.54979e-08, 0.25, 1, 1.38698e-08, 0.948324, -0.317305, 4.14525e-08)

[sub_resource type="Animation" id="Animation_mey44"]
resource_name = "ShotgunEquip"
length = 0.25
step = 0.05
tracks/0/type = "position_3d"
tracks/0/imported = false
tracks/0/enabled = true
tracks/0/path = NodePath("Shotgun")
tracks/0/interp = 1
tracks/0/loop_wrap = true
tracks/0/keys = PackedFloat32Array(0, 1, 0.085, -0.355, -0.215, 0.25, 1, 0.085, -0.175, -0.215)
tracks/1/type = "rotation_3d"
tracks/1/imported = false
tracks/1/enabled = true
tracks/1/path = NodePath("Shotgun")
tracks/1/interp = 1
tracks/1/loop_wrap = true
tracks/1/keys = PackedFloat32Array(0, 1, -0.304864, 0, 0, 0.952396, 0.25, 1, 0, 0, 0, 1)

[sub_resource type="Animation" id="Animation_l34i7"]
resource_name = "ShotgunShoot"
length = 0.4444
step = 0.0111
tracks/0/type = "position_3d"
tracks/0/imported = false
tracks/0/enabled = true
tracks/0/path = NodePath("Shotgun")
tracks/0/interp = 1
tracks/0/loop_wrap = true
tracks/0/keys = PackedFloat32Array(0, 1, 0.085, -0.175, -0.215, 0.0444, 1, 0.085, -0.115, -0.16, 0.2109, 1, 0.085, -0.115, -0.15, 0.3219, 1, 0.085, -0.175, -0.215, 0.444, 1, 0.085, -0.175, -0.215)
tracks/1/type = "rotation_3d"
tracks/1/imported = false
tracks/1/enabled = true
tracks/1/path = NodePath("Shotgun")
tracks/1/interp = 1
tracks/1/loop_wrap = true
tracks/1/keys = PackedFloat32Array(0, 1, 0, 0, 0, 1, 0.0444, 1, 0.362438, 0, 0, 0.932008, 0.2109, 1, 0.358368, 0, 0, 0.93358, 0.3219, 1, 0, 0, 0, 1, 0.444, 1, 0, 0, 0, 1)

[sub_resource type="Animation" id="Animation_ij2ii"]
resource_name = "ShotgunUnequip"
length = 0.25
step = 0.05
tracks/0/type = "position_3d"
tracks/0/imported = false
tracks/0/enabled = true
tracks/0/path = NodePath("Shotgun")
tracks/0/interp = 1
tracks/0/loop_wrap = true
tracks/0/keys = PackedFloat32Array(0, 1, 0.085, -0.175, -0.215, 0.25, 1, 0.085, -0.355, -0.215)
tracks/1/type = "rotation_3d"
tracks/1/imported = false
tracks/1/enabled = true
tracks/1/path = NodePath("Shotgun")
tracks/1/interp = 1
tracks/1/loop_wrap = true
tracks/1/keys = PackedFloat32Array(0, 1, 0, 0, 0, 1, 0.25, 1, -0.304864, 0, 0, 0.952396)

[sub_resource type="Animation" id="Animation_28y8p"]
resource_name = "Slap"
length = 0.6
step = 0.0333
tracks/0/type = "position_3d"
tracks/0/imported = false
tracks/0/enabled = true
tracks/0/path = NodePath("Slapper")
tracks/0/interp = 1
tracks/0/loop_wrap = true
tracks/0/keys = PackedFloat32Array(0, 1, 0.14, -0.13, -0.145, 0.1332, 1, 0.13, -0.005, -0.135, 0.1998, 1, 0.021, -0.039, -0.136, 0.2664, 1, -0.165, -0.208, -0.137, 0.3663, 1, -0.165, -0.208, -0.137, 0.3996, 1, 0.065, -0.475, -0.145, 0.5994, 1, 0.14, -0.13, -0.145)
tracks/1/type = "rotation_3d"
tracks/1/imported = false
tracks/1/enabled = true
tracks/1/path = NodePath("Slapper")
tracks/1/interp = 1
tracks/1/loop_wrap = true
tracks/1/keys = PackedFloat32Array(0, 1, 0.0717862, 0.909558, 0.403964, 0.0660547, 0.1332, 1, 0.0709922, 0.805128, 0.557278, 0.190187, 0.1998, 1, 0.310236, 0.937765, -0.0851041, -0.130797, 0.2664, 1, 0.318869, 0.915376, -0.245759, -0.00339559, 0.3663, 1, 0.318869, 0.915376, -0.245759, -0.00339559, 0.3996, 1, 0.0717862, 0.909558, 0.403964, 0.0660547, 0.5994, 1, 0.0717862, 0.909558, 0.403964, 0.0660547)
tracks/2/type = "method"
tracks/2/imported = false
tracks/2/enabled = true
tracks/2/path = NodePath("../..")
tracks/2/interp = 1
tracks/2/loop_wrap = true
tracks/2/keys = {
"times": PackedFloat32Array(0.1998),
"transitions": PackedFloat32Array(1),
"values": [{
"args": [],
"method": &"_slap"
}]
}

[sub_resource type="Animation" id="Animation_r2qqc"]
resource_name = "SlapperEquip"
length = 0.25
step = 0.05
tracks/0/type = "rotation_3d"
tracks/0/imported = false
tracks/0/enabled = true
tracks/0/path = NodePath("Slapper")
tracks/0/interp = 1
tracks/0/loop_wrap = true
tracks/0/keys = PackedFloat32Array(0, 1, 0.164924, 0.936935, -0.262137, 0.16198, 0.25, 1, 0.0717863, 0.909558, 0.403964, 0.0660546)
tracks/1/type = "position_3d"
tracks/1/imported = false
tracks/1/enabled = true
tracks/1/path = NodePath("Slapper")
tracks/1/interp = 1
tracks/1/loop_wrap = true
tracks/1/keys = PackedFloat32Array(0, 1, 0.14, -0.2, -0.145, 0.25, 1, 0.14, -0.13, -0.145)

[sub_resource type="Animation" id="Animation_pah7n"]
resource_name = "SlapperUnequip"
length = 0.25
step = 0.05
tracks/0/type = "position_3d"
tracks/0/imported = false
tracks/0/enabled = true
tracks/0/path = NodePath("Slapper")
tracks/0/interp = 1
tracks/0/loop_wrap = true
tracks/0/keys = PackedFloat32Array(0, 1, 0.14, -0.13, -0.145, 0.25, 1, 0.14, -0.2, -0.145)
tracks/1/type = "rotation_3d"
tracks/1/imported = false
tracks/1/enabled = true
tracks/1/path = NodePath("Slapper")
tracks/1/interp = 1
tracks/1/loop_wrap = true
tracks/1/keys = PackedFloat32Array(0, 1, 0.0717864, 0.909558, 0.403964, 0.0660545, 0.25, 1, 0.166762, 0.930257, -0.282732, 0.163937)

[sub_resource type="AnimationLibrary" id="AnimationLibrary_3q633"]
_data = {
"PistolEquip": SubResource("Animation_37gcc"),
"PistolShoot": SubResource("Animation_2htne"),
"PistolUnequip": SubResource("Animation_p4hij"),
"RESET": SubResource("Animation_chyh5"),
"RifleEquip": SubResource("Animation_yquew"),
"RifleShoot": SubResource("Animation_vnien"),
"RifleUnequip": SubResource("Animation_6e0nd"),
"ShotgunEquip": SubResource("Animation_mey44"),
"ShotgunShoot": SubResource("Animation_l34i7"),
"ShotgunUnequip": SubResource("Animation_ij2ii"),
"Slap": SubResource("Animation_28y8p"),
"SlapperEquip": SubResource("Animation_r2qqc"),
"SlapperUnequip": SubResource("Animation_pah7n")
}

[sub_resource type="LabelSettings" id="LabelSettings_byxgu"]
font_size = 76
font_color = Color(1, 0.152941, 0.109804, 1)

[sub_resource type="LabelSettings" id="LabelSettings_tg22j"]
font_size = 68
font_color = Color(0, 0.376471, 0.560784, 1)

[sub_resource type="LabelSettings" id="LabelSettings_6sj48"]
font_size = 48
font_color = Color(0.207843, 0.207843, 0.207843, 1)

[sub_resource type="LabelSettings" id="LabelSettings_j2l27"]
font_size = 48
font_color = Color(0.207843, 0.207843, 0.207843, 1)

[node name="Player" instance=ExtResource("1_sksl4")]
script = ExtResource("2_p530v")

[node name="Weapons" parent="." index="1"]
transform = Transform3D(0.854416, -0.0735181, 0.514362, -0.220487, 0.845088, 0.487044, -0.470488, -0.529548, 0.705847, 0.165093, 1.43961, -0.374171)

[node name="Mesh" parent="Weapons/Pistol" index="0"]
cast_shadow = 3

[node name="Mesh" parent="Weapons/Rifle" index="0"]
cast_shadow = 3

[node name="Mesh" parent="Weapons/Shotgun" index="0"]
cast_shadow = 3

[node name="FPWeapons" type="Node3D" parent="AimHelper" index="0"]

[node name="Slapper" parent="AimHelper/FPWeapons" index="0" instance=ExtResource("7_of6tn")]
transform = Transform3D(-0.893125, 0.393968, 0.217064, 0.224124, 0.808168, -0.544639, -0.389995, -0.437781, -0.810093, 0.14, -0.2, -0.145)
material_override = SubResource("StandardMaterial3D_hm4ms")
surface_material_override/0 = SubResource("StandardMaterial3D_15itc")

[node name="Pistol" parent="AimHelper/FPWeapons" index="1" instance=ExtResource("8_wni34")]
transform = Transform3D(-1, 1.22158e-07, 8.87531e-08, 1.06581e-13, 0.587785, -0.809017, -1.50996e-07, -0.809017, -0.587785, 0.08, -0.275, -0.16)
visible = false

[node name="Rifle" parent="AimHelper/FPWeapons" index="2" instance=ExtResource("9_kxdh1")]
transform = Transform3D(-1, 9.08715e-08, 1.20591e-07, 3.55271e-15, 0.798636, -0.601815, -1.50996e-07, -0.601815, -0.798636, 0.105, -0.4, -0.275)
visible = false
surface_material_override/0 = SubResource("StandardMaterial3D_5y7vo")

[node name="Shotgun" parent="AimHelper/FPWeapons" index="3" instance=ExtResource("10_0co2x")]
transform = Transform3D(1, 0, 0, 0, 1, 0, 0, 0, 1, 0.085, -0.175, -0.215)
visible = false
surface_material_override/0 = SubResource("StandardMaterial3D_iala0")

[node name="FPAnimator" type="AnimationPlayer" parent="AimHelper/FPWeapons" index="4"]
unique_name_in_owner = true
libraries = {
"": SubResource("AnimationLibrary_3q633")
}
autoplay = "SlapperEquip"

[node name="RemoteTransform3D" type="RemoteTransform3D" parent="AimHelper/Camera" index="0"]
transform = Transform3D(1, 0, 0, 0, 1, 0, 0, 0, 1, 0, 0, 0.210124)
remote_path = NodePath("../../../CanvasLayer/SubViewportContainer/SubViewport/FPCamera")

[node name="Skeleton3D" parent="Puppet" index="2"]
bones/1/position = Vector3(-1.26694e-09, 0.885517, -0.0641973)
bones/2/rotation = Quaternion(-0.136285, 0.000815206, 0.0029882, 0.990665)
bones/4/rotation = Quaternion(0.08958, 0.0132421, 0.0185286, 0.995719)
bones/5/rotation = Quaternion(-0.0139074, -6.68177e-05, -0.000390076, 0.999903)
bones/7/rotation = Quaternion(-0.177999, 0.248703, -0.49627, 0.812514)
bones/8/rotation = Quaternion(0.260851, 0.0351993, -0.0507869, 0.9634)
bones/9/rotation = Quaternion(-0.0257197, -0.333404, -0.00804492, 0.942399)
bones/11/rotation = Quaternion(-0.138953, -0.028844, 0.153765, 0.977863)
bones/14/rotation = Quaternion(0.0623117, -0.170656, -0.0842964, 0.979739)
bones/17/rotation = Quaternion(-0.313903, -0.0321329, 0.258879, 0.912915)
bones/20/rotation = Quaternion(0.177007, 0.0998966, 0.521313, 0.828808)
bones/21/rotation = Quaternion(0.706889, -0.025324, 0.137641, 0.693341)
bones/22/rotation = Quaternion(0.171934, 0.233722, -0.0498273, 0.955683)
bones/24/rotation = Quaternion(-0.14294, 0.0473911, -0.147711, 0.977499)
bones/25/rotation = Quaternion(-0.0684639, 0.00790221, 0.0329205, 0.997079)
bones/27/rotation = Quaternion(0.101724, 0.157538, 0.111708, 0.975887)
bones/28/rotation = Quaternion(0.0786418, -0.14011, -0.0547866, 0.985486)
bones/30/rotation = Quaternion(-0.538517, -0.391623, 0.596721, 0.447834)
bones/33/rotation = Quaternion(-0.58044, 0.20474, -0.186102, 0.765857)
bones/34/rotation = Quaternion(-0.114745, 0.0038304, 0.1758, 0.977708)
bones/35/rotation = Quaternion(0.275395, -0.128783, -0.64683, 0.699417)
bones/38/rotation = Quaternion(-0.519107, -0.0477156, 0.345618, 0.780256)
bones/39/rotation = Quaternion(-0.150874, -0.00376553, -0.231152, 0.961141)
bones/40/rotation = Quaternion(0.229548, 0.126842, 0.529841, 0.806528)

[node name="Body" parent="Puppet/Skeleton3D" index="0"]
cast_shadow = 3

[node name="Head" parent="Puppet/Skeleton3D" index="1"]
transform = Transform3D(-0.999998, -0.00204478, 0.000300706, -0.00206204, 0.977231, -0.212169, 0.000139977, -0.212169, -0.977233, -0.000334585, 1.56538, -0.0473622)

[node name="HeadArea" parent="Puppet/Skeleton3D/Head" index="0"]
collision_layer = 4
collision_mask = 1

[node name="Neck" parent="Puppet/Skeleton3D" index="2"]
transform = Transform3D(-0.999999, -0.00125741, 0.000212988, -0.00127186, 0.970953, -0.239266, 9.40524e-05, -0.239266, -0.970954, -0.000253877, 1.50305, -0.0320047)

[node name="NeckArea" parent="Puppet/Skeleton3D/Neck" index="0"]
collision_layer = 4
collision_mask = 1

[node name="Chest" parent="Puppet/Skeleton3D" index="3"]
transform = Transform3D(-0.999981, 0.00614291, -0.000801074, 0.00590303, 0.984088, 0.177581, 0.00187919, 0.177573, -0.984106, -2.17354e-09, 1.12368, -0.0868667)

[node name="ChestArea" parent="Puppet/Skeleton3D/Chest" index="0"]
collision_layer = 4
collision_mask = 1

[node name="Stomach" parent="Puppet/Skeleton3D" index="4"]
transform = Transform3D(-1, -3.78941e-09, -3.89234e-07, 3.31093e-08, 0.995501, -0.0947544, 3.87842e-07, -0.0947544, -0.995501, -1.26694e-09, 0.885517, -0.0641973)

[node name="StomachArea" parent="Puppet/Skeleton3D/Stomach" index="0"]
collision_layer = 4
collision_mask = 1

[node name="R_UpperArm" parent="Puppet/Skeleton3D" index="5"]
transform = Transform3D(0.988024, 0.15054, -0.0338674, 0.13686, -0.753599, 0.64293, 0.0712642, -0.639865, -0.765176, 0.194786, 1.38611, -0.0373991)

[node name="R_UpperArmArea" parent="Puppet/Skeleton3D/R_UpperArm" index="0"]
collision_layer = 4
collision_mask = 1

[node name="R_Forearm" parent="Puppet/Skeleton3D" index="6"]
transform = Transform3D(0.964884, -0.262525, 0.00897652, 0.162332, 0.622806, 0.76535, -0.206514, -0.737016, 0.643552, 0.226199, 1.22886, -0.170921)

[node name="R_ForearmArea" parent="Puppet/Skeleton3D/R_Forearm" index="0"]
collision_layer = 4
collision_mask = 1

[node name="R_Hand" parent="Puppet/Skeleton3D" index="7"]
transform = Transform3D(0.854416, -0.0735181, 0.514362, -0.220487, 0.845088, 0.487044, -0.470488, -0.529548, 0.705847, 0.172305, 1.35672, -0.322226)

[node name="R_HandArea" parent="Puppet/Skeleton3D/R_Hand" index="0"]
collision_layer = 4
collision_mask = 1

[node name="L_UpperArm" parent="Puppet/Skeleton3D" index="8"]
transform = Transform3D(0.978293, -0.185509, 0.0923551, -0.149921, -0.941259, -0.302581, 0.143061, 0.282167, -0.948639, -0.195136, 1.38585, -0.0373787)

[node name="L_UpperArmArea" parent="Puppet/Skeleton3D/L_UpperArm" index="0"]
collision_layer = 4
collision_mask = 1

[node name="L_Forearm" parent="Puppet/Skeleton3D" index="9"]
transform = Transform3D(0.976858, 0.000478622, 0.213888, -0.0454142, -0.976732, 0.209599, 0.209012, -0.214462, -0.954107, -0.233846, 1.18943, 0.0215015)

[node name="L_ForearmArea" parent="Puppet/Skeleton3D/L_Forearm" index="0"]
collision_layer = 4
collision_mask = 1

[node name="L_Hand" parent="Puppet/Skeleton3D" index="10"]
transform = Transform3D(0.894057, 0.0228221, -0.447372, 0.0945456, -0.985817, 0.138656, -0.437862, -0.166263, -0.883534, -0.233748, 0.988916, -0.022526)

[node name="L_HandArea" parent="Puppet/Skeleton3D/L_Hand" index="0"]
collision_layer = 4
collision_mask = 1

[node name="R_Thigh" parent="Puppet/Skeleton3D" index="11"]
transform = Transform3D(0.48874, 0.0633134, 0.870129, -0.328779, -0.910463, 0.250919, 0.808107, -0.408714, -0.424164, 0.0851499, 0.868028, -0.0593682)

[node name="R_ThighArea" parent="Puppet/Skeleton3D/R_Thigh" index="0"]
collision_layer = 4
collision_mask = 1

[node name="R_Shin" parent="Puppet/Skeleton3D" index="12"]
transform = Transform3D(0.475427, 0.0205453, 0.879515, 0.129203, -0.990518, -0.0467034, 0.870216, 0.13584, -0.473574, 0.111752, 0.485488, -0.231094)

[node name="R_ShinArea" parent="Puppet/Skeleton3D/R_Shin" index="0"]
collision_layer = 4
collision_mask = 1

[node name="R_Foot" parent="Puppet/Skeleton3D" index="13"]
transform = Transform3D(0.245939, 0.072078, 0.966602, -0.853541, -0.456465, 0.25121, 0.459327, -0.886817, -0.0507409, 0.11946, 0.113838, -0.180125)

[node name="R_FootArea" parent="Puppet/Skeleton3D/R_Foot" index="0"]
collision_layer = 4
collision_mask = 1

[node name="L_Thigh" parent="Puppet/Skeleton3D" index="14"]
transform = Transform3D(0.498829, -0.0553393, -0.864932, -0.0651148, -0.997532, 0.0262697, -0.864251, 0.0432158, -0.501201, -0.0851499, 0.868028, -0.0593682)

[node name="L_ThighArea" parent="Puppet/Skeleton3D/L_Thigh" index="0"]
collision_layer = 4
collision_mask = 1

[node name="L_Shin" parent="Puppet/Skeleton3D" index="15"]
transform = Transform3D(0.49038, -0.0294744, -0.87101, -0.404382, -0.893023, -0.197448, -0.772012, 0.449045, -0.449839, -0.108401, 0.448905, -0.0412107)

[node name="L_ShinArea" parent="Puppet/Skeleton3D/L_Shin" index="0"]
collision_layer = 4
collision_mask = 1

[node name="L_Foot" parent="Puppet/Skeleton3D" index="16"]
transform = Transform3D(0.245938, -0.0720761, -0.966602, 0.853542, -0.456465, 0.251209, -0.459326, -0.886817, -0.0507421, -0.11946, 0.113837, 0.127274)

[node name="L_FootArea" parent="Puppet/Skeleton3D/L_Foot" index="0"]
collision_layer = 4
collision_mask = 1

[node name="CanvasLayer" type="CanvasLayer" parent="." index="8"]

[node name="SubViewportContainer" type="SubViewportContainer" parent="CanvasLayer" index="0"]
anchors_preset = 15
anchor_right = 1.0
anchor_bottom = 1.0
grow_horizontal = 2
grow_vertical = 2
stretch = true

[node name="SubViewport" type="SubViewport" parent="CanvasLayer/SubViewportContainer" index="0"]
transparent_bg = true
handle_input_locally = false
size = Vector2i(1920, 1080)
render_target_update_mode = 4

[node name="FPCamera" type="Camera3D" parent="CanvasLayer/SubViewportContainer/SubViewport" index="0"]
transform = Transform3D(1, 0, 0, 0, 1, 0, 0, 0, 1, 0, 1.65, 0)
cull_mask = 8
current = true

[node name="UI" type="Control" parent="CanvasLayer" index="1"]
process_mode = 3
layout_mode = 3
anchors_preset = 8
anchor_left = 0.5
anchor_top = 0.5
anchor_right = 0.5
anchor_bottom = 0.5
grow_horizontal = 2
grow_vertical = 2
pivot_offset = Vector2(960, 540)
script = ExtResource("7_bolck")

[node name="Crosshair" type="Sprite2D" parent="CanvasLayer/UI" index="0"]
scale = Vector2(1.2, 1.2)
texture = ExtResource("11_ky6qt")

[node name="Health" type="BoxContainer" parent="CanvasLayer/UI" index="1"]
layout_mode = 1
offset_left = -881.0
offset_top = -472.0
offset_right = -752.0
offset_bottom = -270.0
vertical = true

[node name="Health" type="Label" parent="CanvasLayer/UI/Health" index="0"]
unique_name_in_owner = true
layout_mode = 2
text = "100"
label_settings = SubResource("LabelSettings_byxgu")
vertical_alignment = 1

[node name="Armor" type="Label" parent="CanvasLayer/UI/Health" index="1"]
unique_name_in_owner = true
layout_mode = 2
text = "0
"
label_settings = SubResource("LabelSettings_tg22j")

[node name="Weapon" type="VBoxContainer" parent="CanvasLayer/UI" index="2"]
layout_mode = 0
offset_left = 724.0
offset_top = 331.0
offset_right = 821.0
offset_bottom = 469.0

[node name="AmmoInMag" type="Label" parent="CanvasLayer/UI/Weapon" index="0"]
unique_name_in_owner = true
layout_mode = 2
text = "0 / 0"
label_settings = SubResource("LabelSettings_6sj48")
horizontal_alignment = 2
vertical_alignment = 1

[node name="ExtraAmmo" type="Label" parent="CanvasLayer/UI/Weapon" index="1"]
unique_name_in_owner = true
layout_mode = 2
text = "0"
label_settings = SubResource("LabelSettings_j2l27")
horizontal_alignment = 2
vertical_alignment = 1

[connection signal="finished_reloading" from="Weapons/Pistol" to="." method="_update_UI"]
[connection signal="finished_reloading" from="Weapons/Rifle" to="." method="_update_UI"]
[connection signal="finished_reloading" from="Weapons/Shotgun" to="." method="_update_UI"]

[editable path="Weapons/Pistol"]
[editable path="Weapons/Pistol/Mesh"]
[editable path="Weapons/Rifle"]
[editable path="Weapons/Shotgun"]
[editable path="Puppet"]
