[gd_scene load_steps=4 format=3 uid="uid://bb1otskk4hdc6"]

[ext_resource type="PackedScene" uid="uid://65jhlh1xbkow" path="res://Characters/CharacterBase.tscn" id="1_chbam"]
[ext_resource type="Script" path="res://Characters/Player.gd" id="2_y7402"]
[ext_resource type="PackedScene" uid="uid://cm6pnkpd4ohs5" path="res://Characters/FirstPerson.tscn" id="3_qdhym"]

[node name="Player" instance=ExtResource("1_chbam")]
script = ExtResource("2_y7402")

[node name="Skeleton3D" parent="Mannequin/Mannequin" index="0"]
bones/0/position = Vector3(-0.000598402, 96.1541, -4.11833e-05)
bones/1/rotation = Quaternion(-0.0657528, 5.03518e-07, 6.16048e-06, 0.997836)
bones/2/rotation = Quaternion(-0.0160045, 1.44192e-06, -9.11731e-06, 0.999872)
bones/3/rotation = Quaternion(0.0524201, 2.79513e-06, 3.32659e-06, 0.998625)
bones/4/rotation = Quaternion(-0.0010972, 2.38791e-07, 1.35963e-09, 0.999999)
bones/5/rotation = Quaternion(0.00394551, -1.74278e-07, -1.1847e-08, 0.999992)
bones/8/rotation = Quaternion(0.585692, 0.24553, -0.180415, 0.751086)
bones/32/rotation = Quaternion(0.217428, -0.503937, -0.169116, 0.81864)
bones/56/rotation = Quaternion(-0.219833, 0.0192406, -0.00458728, 0.975337)
bones/57/rotation = Quaternion(0.532984, -0.059571, 0.0682665, 0.84126)
bones/61/rotation = Quaternion(-0.132206, 0.0147448, 0.0069385, 0.991088)
bones/62/rotation = Quaternion(0.641804, 0.0751132, -0.0600439, 0.760815)

[node name="Alpha_Joints" parent="Mannequin/Mannequin/Skeleton3D" index="0"]
cast_shadow = 3

[node name="Alpha_Surface" parent="Mannequin/Mannequin/Skeleton3D" index="1"]
cast_shadow = 3

[node name="Hips" parent="Mannequin/Mannequin/Skeleton3D" index="2"]
transform = Transform3D(-1, 8.78096e-05, 3.02004e-06, 8.78096e-05, 1, 4.95416e-08, -3.02004e-06, 4.98068e-08, -1, -0.000598402, 96.1541, -4.11833e-05)

[node name="Stomach" parent="Mannequin/Mannequin/Skeleton3D" index="3"]
transform = Transform3D(-1, 9.90145e-05, 1.43217e-05, 0.000100038, 0.991353, 0.131221, -1.20504e-06, 0.131221, -0.991353, -0.000590419, 106.078, 1.22729)

[node name="Chest" parent="Mannequin/Mannequin/Skeleton3D" index="4"]
transform = Transform3D(-1, 8.03193e-05, 1.4308e-05, 8.15772e-05, 0.986646, 0.162882, -1.03434e-06, 0.162882, -0.986646, 0.000571221, 117.708, 2.76677)

[node name="Neck" parent="Mannequin/Mannequin/Skeleton3D" index="5"]
transform = Transform3D(-1, 8.77302e-05, -3.96151e-07, 8.75433e-05, 0.998145, 0.0608796, 5.73639e-06, 0.0608796, -0.998145, 0.00294495, 146.041, 4.96454)

[node name="Head" parent="Mannequin/Mannequin/Skeleton3D" index="6"]
transform = Transform3D(-1, 8.7702e-05, -7.39768e-07, 8.75395e-05, 0.998594, 0.0530014, 5.38706e-06, 0.0530014, -0.998594, 0.00384659, 156.534, 2.45633)

[node name="L_UpperArm" parent="Mannequin/Mannequin/Skeleton3D" index="7"]
transform = Transform3D(-0.530621, -0.500009, 0.684422, 0.623989, -0.776925, -0.0838187, 0.573654, 0.382596, 0.724252, -16.3898, 138.807, -2.97238)

[node name="L_Forearm" parent="Mannequin/Mannequin/Skeleton3D" index="8"]
transform = Transform3D(0.991667, 0.128767, -0.00390446, 0.124056, -0.94634, 0.298415, 0.0347312, -0.296412, -0.954428, -30.0924, 117.516, 7.51257)

[node name="L_Hand" parent="Mannequin/Mannequin/Skeleton3D" index="9"]
transform = Transform3D(0.973098, 0.17458, 0.150338, 0.135649, -0.96159, 0.23863, 0.186224, -0.211817, -0.959403, -26.5365, 91.3831, -0.672724)

[node name="R_UpperArm" parent="Mannequin/Mannequin/Skeleton3D" index="10"]
transform = Transform3D(-0.68634, 0.656261, 0.313463, -0.726443, -0.597927, -0.338768, -0.0348925, -0.460223, 0.887118, 16.9494, 139.036, -2.21039)

[node name="R_Forearm" parent="Mannequin/Mannequin/Skeleton3D" index="11"]
transform = Transform3D(0.0334373, -0.998272, -0.0483235, 0.923562, 0.0493422, -0.38026, 0.381987, -0.0319149, 0.923616, 34.9341, 122.65, -14.8227)

[node name="R_Hand" parent="Mannequin/Mannequin/Skeleton3D" index="12"]
transform = Transform3D(-0.673943, -0.284275, -0.6819, 0.67049, -0.622944, -0.402969, -0.310232, -0.728786, 0.610433, 7.36727, 124.013, -15.704)

[node name="L_Thigh" parent="Mannequin/Mannequin/Skeleton3D" index="13"]
transform = Transform3D(0.999982, -0.00602672, -7.64613e-05, -0.0060272, -0.999901, -0.0126999, 8.4804e-08, 0.0127001, -0.999919, -9.12505, 89.4977, 0.0553348)

[node name="L_Shin" parent="Mannequin/Mannequin/Skeleton3D" index="14"]
transform = Transform3D(0.999307, -0.00492231, 0.0368959, 0.0118345, -0.89777, -0.440305, 0.0352914, 0.440436, -0.89709, -9.36973, 48.9023, 0.570951)

[node name="L_Foot" parent="Mannequin/Mannequin/Skeleton3D" index="15"]
transform = Transform3D(0.989031, -0.14753, -0.00731451, -0.110641, -0.772715, 0.625036, -0.0978637, -0.61737, -0.780562, -9.57696, 11.1071, 19.1129)

[node name="R_Thigh" parent="Mannequin/Mannequin/Skeleton3D" index="16"]
transform = Transform3D(0.999982, 0.0060267, 7.70567e-05, 0.00602719, -0.999902, -0.0126671, 7.08092e-07, 0.0126674, -0.99992, 9.12385, 89.4977, 0.055338)

[node name="R_Shin" parent="Mannequin/Mannequin/Skeleton3D" index="17"]
transform = Transform3D(0.999508, -0.0118564, 0.0290466, -0.00343622, -0.961642, -0.274287, 0.0311844, 0.274053, -0.961209, 9.36853, 48.9022, 0.569627)

[node name="R_Foot" parent="Mannequin/Mannequin/Skeleton3D" index="18"]
transform = Transform3D(0.975404, 0.213789, 0.0536786, 0.0442595, -0.42852, 0.902448, 0.215936, -0.877875, -0.427442, 8.86938, 8.41806, 12.107)

[node name="Camera" parent="AimHelper" index="0"]
transform = Transform3D(1, 0, 0, 0, 1, 0, 0, 0, 1, 0, 0, 0)

[node name="RemoteTransform3D" type="RemoteTransform3D" parent="AimHelper/Camera" index="0"]
remote_path = NodePath("../../../FPCanvas/SubViewportContainer/SubViewport/FPCamera")
update_scale = false

[node name="FPView" parent="AimHelper" index="2" instance=ExtResource("3_qdhym")]
transform = Transform3D(1, 0, 0, 0, 1, 0, 0, 0, 1, 0, -0.22, 0)

[node name="Skeleton3D" parent="AimHelper/FPView/Mannequin" index="0"]
bones/0/rotation = Quaternion(0.00256392, 0.999291, 0.0375497, 0.000752901)
bones/1/rotation = Quaternion(-0.522094, -0.517621, 0.528998, -0.42385)
bones/2/rotation = Quaternion(0.522296, -0.350341, 0.368247, 0.684735)
bones/3/position = Vector3(0.133162, 27.2574, 0.139394)
bones/3/rotation = Quaternion(0.605459, -0.630639, -0.362353, 0.323133)
bones/4/rotation = Quaternion(-0.344646, 0.787449, 0.362251, 0.360441)
bones/5/rotation = Quaternion(-0.0748246, 0.123697, 0.35159, 0.924924)
bones/6/rotation = Quaternion(0.0323532, -0.132658, -0.489793, 0.86108)
bones/7/position = Vector3(4.14997e-06, 4.38212, -1.49875e-05)
bones/7/rotation = Quaternion(-0.0884136, -0.363845, -0.0627379, 0.925129)
bones/9/position = Vector3(-2.72451, 12.4167, 0.924974)
bones/9/rotation = Quaternion(0.220151, 0.0542594, -0.0971492, 0.969098)
bones/10/rotation = Quaternion(0.404375, -0.0352472, -0.0943242, 0.909033)
bones/11/rotation = Quaternion(0.198663, 0.019591, -0.0464424, 0.978771)
bones/13/position = Vector3(-0.0900558, 12.5443, -0.223907)
bones/13/rotation = Quaternion(0.243918, 0.140668, 0.0789413, 0.956287)
bones/14/rotation = Quaternion(0.416447, -0.0478983, -0.0868807, 0.903731)
bones/15/position = Vector3(0.0214803, 3.57819, 0.298668)
bones/15/rotation = Quaternion(0.185156, -0.0564563, 0.015744, 0.98096)
bones/17/position = Vector3(2.14476, 11.9937, -0.328912)
bones/17/rotation = Quaternion(0.246635, 0.147387, 0.0783425, 0.954626)
bones/18/rotation = Quaternion(0.3259, -0.0671531, -0.0102951, 0.94296)
bones/19/rotation = Quaternion(0.32533, -0.0421628, -0.0066479, 0.944637)
bones/21/position = Vector3(4.79023, 11.1426, 0.0757716)
bones/21/rotation = Quaternion(0.179255, -0.0230233, 0.089704, 0.979434)
bones/22/rotation = Quaternion(0.518355, -0.0438952, -0.106977, 0.847312)
bones/23/rotation = Quaternion(0.161006, 0.132375, -0.212928, 0.954576)
bones/25/rotation = Quaternion(0.530305, -0.499843, 0.530708, 0.432762)
bones/26/rotation = Quaternion(0.198555, -0.110574, -0.53832, 0.811518)
bones/27/rotation = Quaternion(0.401431, 0.561308, -0.581107, 0.431395)
bones/28/position = Vector3(-0.0484773, 27.6681, -0.0153927)
bones/28/rotation = Quaternion(-0.481405, -0.314435, 0.0456187, 0.816883)
bones/29/rotation = Quaternion(0.331444, -0.381918, -0.405002, 0.761746)
bones/30/position = Vector3(1.04904e-05, 4.74495, -9.03863e-07)
bones/30/rotation = Quaternion(-0.116273, -0.171608, 0.504081, 0.838411)
bones/31/position = Vector3(-1.04281e-07, 4.38215, 3.14583e-05)
bones/33/position = Vector3(2.82159, 12.2518, 0.269647)
bones/33/rotation = Quaternion(0.606909, -0.15934, -0.225005, 0.745415)
bones/34/rotation = Quaternion(0.4629, 0.39094, -0.0199089, 0.795295)
bones/35/position = Vector3(-0.0356762, 3.18992, 0.521581)
bones/35/rotation = Quaternion(0.617338, -0.0706694, 0.298362, 0.724486)
bones/37/position = Vector3(0.000891832, 12.2514, 0.835534)
bones/37/rotation = Quaternion(0.575828, 0.0267603, -0.0777614, 0.813424)
bones/38/rotation = Quaternion(0.604947, 0.0569237, -0.0158337, 0.794071)
bones/39/position = Vector3(-0.023286, 3.56526, 0.4027)
bones/39/rotation = Quaternion(0.363124, 0.103125, -0.00467262, 0.926004)
bones/41/position = Vector3(-2.22008, 12.0455, 0.257925)
bones/41/rotation = Quaternion(0.53289, -0.00318033, -0.0370898, 0.845365)
bones/42/rotation = Quaternion(0.485936, 0.0891751, -0.00948427, 0.869382)
bones/43/rotation = Quaternion(0.501314, -0.000959217, 0.0930749, 0.860245)
bones/45/position = Vector3(-4.72281, 11.5487, -0.915094)
bones/45/rotation = Quaternion(0.632714, -0.0105684, -0.00957507, 0.774254)
bones/46/rotation = Quaternion(0.404517, 0.0938083, -0.0311725, 0.909172)
bones/47/rotation = Quaternion(0.420121, 0.0291981, 0.0640542, 0.904733)

[node name="HandAttach" parent="AimHelper/FPView/Mannequin/Skeleton3D" index="2"]
transform = Transform3D(0.0190596, 0.0411761, -0.99897, 0.998881, 0.0424703, 0.0208087, 0.0432835, -0.998249, -0.0403207, 7.84935, -1.29413, -32.3239)

[node name="FPWeapons" parent="AimHelper/FPView/Mannequin/Skeleton3D/HandAttach" index="0"]
transform = Transform3D(1, 1.43074e-08, -3.42782e-09, -1.43074e-08, 1, 2.86145e-08, 3.42782e-09, -2.86145e-08, 1, 0, 0, 0)

[node name="Pistol" parent="AimHelper/FPView/Mannequin/Skeleton3D/HandAttach/FPWeapons" index="0"]
transform = Transform3D(-1.22747, 99.9843, -1.27524, 1.09246, -1.26185, -99.9861, -99.9865, -1.24123, -1.0768, 2.13686, 7.49473, 3.19918)
visible = true

[node name="SMG" parent="AimHelper/FPView/Mannequin/Skeleton3D/HandAttach/FPWeapons" index="1"]
transform = Transform3D(1.90598, 99.8881, 4.3284, 4.11768, 4.2471, -99.8249, -99.897, 2.08088, -4.03212, 0.982015, 10.8305, 3.41445)

[node name="Rifle" parent="AimHelper/FPView/Mannequin/Skeleton3D/HandAttach/FPWeapons" index="2"]
transform = Transform3D(-0.0221878, 99.8075, 6.20247, 5.29938, 6.19493, -99.6672, -99.8595, 0.30658, -5.29055, -0.402056, 6.48742, 3.17827)
visible = false

[node name="FPCanvas" type="CanvasLayer" parent="." index="7"]

[node name="SubViewportContainer" type="SubViewportContainer" parent="FPCanvas" index="0"]
anchors_preset = 15
anchor_right = 1.0
anchor_bottom = 1.0
grow_horizontal = 2
grow_vertical = 2
stretch = true
metadata/_edit_use_anchors_ = true

[node name="SubViewport" type="SubViewport" parent="FPCanvas/SubViewportContainer" index="0"]
transparent_bg = true
handle_input_locally = false
size = Vector2i(1920, 1080)
render_target_update_mode = 4

[node name="FPCamera" type="Camera3D" parent="FPCanvas/SubViewportContainer/SubViewport" index="0"]
transform = Transform3D(1, 0, 0, 0, 1, 0, 0, 0, 1, 0, 1.65, 0)
top_level = true
cull_mask = 8
current = true

[editable path="Mannequin"]
[editable path="Mannequin/Mannequin/Skeleton3D/R_Hand/Weapons/Pistol"]
[editable path="Mannequin/Mannequin/Skeleton3D/R_Hand/Weapons/Pistol/Mesh"]
[editable path="Mannequin/Mannequin/Skeleton3D/R_Hand/Weapons/SMG"]
[editable path="Mannequin/Mannequin/Skeleton3D/R_Hand/Weapons/SMG/Mesh"]
[editable path="Mannequin/Mannequin/Skeleton3D/R_Hand/Weapons/Rifle"]
[editable path="Mannequin/Mannequin/Skeleton3D/R_Hand/Weapons/Shotgun"]
[editable path="Mannequin/Mannequin/Skeleton3D/R_Hand/Weapons/Sniper"]
[editable path="AimHelper/FPView"]
