[gd_scene load_steps=31 format=3 uid="uid://bjvof25uwl8sb"]

[ext_resource type="PackedScene" uid="uid://1s5qidco641t" path="res://Characters/CharacterBase.tscn" id="1_sksl4"]
[ext_resource type="Script" path="res://Characters/Player.gd" id="2_p530v"]
[ext_resource type="Script" path="res://Characters/UI.gd" id="7_bolck"]
[ext_resource type="PackedScene" uid="uid://0r6eljbdbyqv" path="res://Props/Weapons/Slapper/FPSlapper.tscn" id="7_of6tn"]
[ext_resource type="PackedScene" uid="uid://by7wwhoru7x60" path="res://Props/Weapons/Pistol/FPPistol.tscn" id="8_wni34"]
[ext_resource type="PackedScene" uid="uid://btj7bcwc5cjwk" path="res://Props/Weapons/Rifle/FPRifle.tscn" id="9_kxdh1"]
[ext_resource type="PackedScene" uid="uid://cokxjgyi8s31g" path="res://Props/Weapons/Shotgun/FPShotgun.tscn" id="10_0co2x"]
[ext_resource type="Texture2D" uid="uid://dwg7182f40h5u" path="res://Characters/CrossHair.png" id="11_ky6qt"]

[sub_resource type="StandardMaterial3D" id="StandardMaterial3D_hm4ms"]
albedo_color = Color(0.839216, 0.6, 0.466667, 1)
subsurf_scatter_strength = 1.0
subsurf_scatter_skin_mode = true

[sub_resource type="StandardMaterial3D" id="StandardMaterial3D_15itc"]
albedo_color = Color(0.839216, 0.6, 0.466667, 1)
subsurf_scatter_enabled = true
subsurf_scatter_strength = 1.0
subsurf_scatter_skin_mode = true

[sub_resource type="StandardMaterial3D" id="StandardMaterial3D_5y7vo"]
albedo_color = Color(0.305882, 0.305882, 0.305882, 1)
metallic = 0.33
metallic_specular = 0.27
roughness = 0.28
ao_enabled = true
ao_light_affect = 1.0

[sub_resource type="StandardMaterial3D" id="StandardMaterial3D_iala0"]
albedo_color = Color(0.305882, 0.305882, 0.305882, 1)
metallic = 0.33
metallic_specular = 0.27
roughness = 0.28
ao_enabled = true
ao_light_affect = 1.0

[sub_resource type="Animation" id="Animation_37gcc"]
resource_name = "PistolEquip"
length = 0.25
step = 0.05
tracks/0/type = "position_3d"
tracks/0/imported = false
tracks/0/enabled = true
tracks/0/path = NodePath("Pistol")
tracks/0/interp = 1
tracks/0/loop_wrap = true
tracks/0/keys = PackedFloat32Array(0, 1, 0.08, -0.275, -0.16, 0.25, 1, 0.08, -0.115, -0.16)
tracks/1/type = "rotation_3d"
tracks/1/imported = false
tracks/1/enabled = true
tracks/1/path = NodePath("Pistol")
tracks/1/interp = 1
tracks/1/loop_wrap = true
tracks/1/keys = PackedFloat32Array(0, 1, 1.98446e-08, 0.891007, -0.453991, 3.89471e-08, 0.25, 1, 0, 1, 0, -7.54979e-08)

[sub_resource type="Animation" id="Animation_2htne"]
resource_name = "PistolShoot"
length = 0.14
step = 0.01
tracks/0/type = "position_3d"
tracks/0/imported = false
tracks/0/enabled = true
tracks/0/path = NodePath("Pistol")
tracks/0/interp = 1
tracks/0/loop_wrap = true
tracks/0/keys = PackedFloat32Array(0, 1, 0.08, -0.115, -0.16, 0.05, 1, 0.08, -0.08, -0.15, 0.14, 1, 0.08, -0.115, -0.16)
tracks/1/type = "rotation_3d"
tracks/1/imported = false
tracks/1/enabled = true
tracks/1/path = NodePath("Pistol")
tracks/1/interp = 1
tracks/1/loop_wrap = true
tracks/1/keys = PackedFloat32Array(0, 1, 0, 1, 0, -4.37114e-08, 0.05, 1, -8.71465e-09, 0.979925, 0.199368, 4.28339e-08, 0.14, 1, 0, 1, 0, -4.37114e-08)

[sub_resource type="Animation" id="Animation_p4hij"]
resource_name = "PistolUnEquip"
length = 0.25
step = 0.05
tracks/0/type = "position_3d"
tracks/0/imported = false
tracks/0/enabled = true
tracks/0/path = NodePath("Pistol")
tracks/0/interp = 1
tracks/0/loop_wrap = true
tracks/0/keys = PackedFloat32Array(0, 1, 0.08, -0.115, -0.16, 0.25, 1, 0.08, -0.275, -0.16)
tracks/1/type = "rotation_3d"
tracks/1/imported = false
tracks/1/enabled = true
tracks/1/path = NodePath("Pistol")
tracks/1/interp = 1
tracks/1/loop_wrap = true
tracks/1/keys = PackedFloat32Array(0, 1, 0, 1, 0, -7.54979e-08, 0.25, 1, 3.42753e-08, 0.891007, -0.453991, 6.72691e-08)

[sub_resource type="Animation" id="Animation_chyh5"]
length = 0.001

[sub_resource type="Animation" id="Animation_yquew"]
resource_name = "RifleEquip"
length = 0.25
step = 0.05
tracks/0/type = "position_3d"
tracks/0/imported = false
tracks/0/enabled = true
tracks/0/path = NodePath("Rifle")
tracks/0/interp = 1
tracks/0/loop_wrap = true
tracks/0/keys = PackedFloat32Array(0, 1, 0.105, -0.4, -0.275, 0.25, 1, 0.105, -0.235, -0.275)
tracks/1/type = "rotation_3d"
tracks/1/imported = false
tracks/1/enabled = true
tracks/1/path = NodePath("Rifle")
tracks/1/interp = 1
tracks/1/loop_wrap = true
tracks/1/keys = PackedFloat32Array(0, 1, 2.39558e-08, 0.948324, -0.317305, 7.15965e-08, 0.25, 1, 0, 1, 0, -7.54979e-08)

[sub_resource type="Animation" id="Animation_vnien"]
resource_name = "RifleShoot"
length = 0.1111
step = 0.0111
tracks/0/type = "position_3d"
tracks/0/imported = false
tracks/0/enabled = true
tracks/0/path = NodePath("Rifle")
tracks/0/interp = 1
tracks/0/loop_wrap = true
tracks/0/keys = PackedFloat32Array(0, 1, 0.105, -0.235, -0.275, 0.0333, 1, 0.105, -0.235, -0.19, 0.111, 1, 0.105, -0.235, -0.275)
tracks/1/type = "rotation_3d"
tracks/1/imported = false
tracks/1/enabled = true
tracks/1/path = NodePath("Rifle")
tracks/1/interp = 1
tracks/1/loop_wrap = true
tracks/1/keys = PackedFloat32Array(0, 1, 0, 1, 0, -7.5498e-08, 0.0333, 1, -1.33488e-09, 0.999534, 0.0305385, 4.3691e-08, 0.111, 1, 0, 1, 0, -7.5498e-08)

[sub_resource type="Animation" id="Animation_6e0nd"]
resource_name = "RifleUnequip"
length = 0.25
step = 0.05
tracks/0/type = "position_3d"
tracks/0/imported = false
tracks/0/enabled = true
tracks/0/path = NodePath("Rifle")
tracks/0/interp = 1
tracks/0/loop_wrap = true
tracks/0/keys = PackedFloat32Array(0, 1, 0.105, -0.235, -0.275, 0.25, 1, 0.105, -0.4, -0.275)
tracks/1/type = "rotation_3d"
tracks/1/imported = false
tracks/1/enabled = true
tracks/1/path = NodePath("Rifle")
tracks/1/interp = 1
tracks/1/loop_wrap = true
tracks/1/keys = PackedFloat32Array(0, 1, 0, 1, 0, -7.54979e-08, 0.25, 1, 1.38698e-08, 0.948324, -0.317305, 4.14525e-08)

[sub_resource type="Animation" id="Animation_mey44"]
resource_name = "ShotgunEquip"
length = 0.25
step = 0.05
tracks/0/type = "position_3d"
tracks/0/imported = false
tracks/0/enabled = true
tracks/0/path = NodePath("Shotgun")
tracks/0/interp = 1
tracks/0/loop_wrap = true
tracks/0/keys = PackedFloat32Array(0, 1, 0.085, -0.355, -0.215, 0.25, 1, 0.085, -0.175, -0.215)
tracks/1/type = "rotation_3d"
tracks/1/imported = false
tracks/1/enabled = true
tracks/1/path = NodePath("Shotgun")
tracks/1/interp = 1
tracks/1/loop_wrap = true
tracks/1/keys = PackedFloat32Array(0, 1, -0.304864, 0, 0, 0.952396, 0.25, 1, 0, 0, 0, 1)

[sub_resource type="Animation" id="Animation_l34i7"]
resource_name = "ShotgunShoot"
length = 0.4444
step = 0.0111
tracks/0/type = "position_3d"
tracks/0/imported = false
tracks/0/enabled = true
tracks/0/path = NodePath("Shotgun")
tracks/0/interp = 1
tracks/0/loop_wrap = true
tracks/0/keys = PackedFloat32Array(0, 1, 0.085, -0.175, -0.215, 0.0444, 1, 0.085, -0.115, -0.16, 0.2109, 1, 0.085, -0.115, -0.15, 0.3219, 1, 0.085, -0.175, -0.215, 0.444, 1, 0.085, -0.175, -0.215)
tracks/1/type = "rotation_3d"
tracks/1/imported = false
tracks/1/enabled = true
tracks/1/path = NodePath("Shotgun")
tracks/1/interp = 1
tracks/1/loop_wrap = true
tracks/1/keys = PackedFloat32Array(0, 1, 0, 0, 0, 1, 0.0444, 1, 0.362438, 0, 0, 0.932008, 0.2109, 1, 0.358368, 0, 0, 0.93358, 0.3219, 1, 0, 0, 0, 1, 0.444, 1, 0, 0, 0, 1)

[sub_resource type="Animation" id="Animation_ij2ii"]
resource_name = "ShotgunUnequip"
length = 0.25
step = 0.05
tracks/0/type = "position_3d"
tracks/0/imported = false
tracks/0/enabled = true
tracks/0/path = NodePath("Shotgun")
tracks/0/interp = 1
tracks/0/loop_wrap = true
tracks/0/keys = PackedFloat32Array(0, 1, 0.085, -0.175, -0.215, 0.25, 1, 0.085, -0.355, -0.215)
tracks/1/type = "rotation_3d"
tracks/1/imported = false
tracks/1/enabled = true
tracks/1/path = NodePath("Shotgun")
tracks/1/interp = 1
tracks/1/loop_wrap = true
tracks/1/keys = PackedFloat32Array(0, 1, 0, 0, 0, 1, 0.25, 1, -0.304864, 0, 0, 0.952396)

[sub_resource type="Animation" id="Animation_28y8p"]
resource_name = "Slap"
length = 0.6
step = 0.0333
tracks/0/type = "position_3d"
tracks/0/imported = false
tracks/0/enabled = true
tracks/0/path = NodePath("Slapper")
tracks/0/interp = 1
tracks/0/loop_wrap = true
tracks/0/keys = PackedFloat32Array(0, 1, 0.14, -0.13, -0.145, 0.1332, 1, 0.13, -0.005, -0.135, 0.1998, 1, 0.021, -0.039, -0.136, 0.2664, 1, -0.165, -0.208, -0.137, 0.3663, 1, -0.165, -0.208, -0.137, 0.3996, 1, 0.065, -0.475, -0.145, 0.5994, 1, 0.14, -0.13, -0.145)
tracks/1/type = "rotation_3d"
tracks/1/imported = false
tracks/1/enabled = true
tracks/1/path = NodePath("Slapper")
tracks/1/interp = 1
tracks/1/loop_wrap = true
tracks/1/keys = PackedFloat32Array(0, 1, 0.0717862, 0.909558, 0.403964, 0.0660547, 0.1332, 1, 0.0709922, 0.805128, 0.557278, 0.190187, 0.1998, 1, 0.310236, 0.937765, -0.0851041, -0.130797, 0.2664, 1, 0.318869, 0.915376, -0.245759, -0.00339559, 0.3663, 1, 0.318869, 0.915376, -0.245759, -0.00339559, 0.3996, 1, 0.0717862, 0.909558, 0.403964, 0.0660547, 0.5994, 1, 0.0717862, 0.909558, 0.403964, 0.0660547)
tracks/2/type = "method"
tracks/2/imported = false
tracks/2/enabled = true
tracks/2/path = NodePath("../..")
tracks/2/interp = 1
tracks/2/loop_wrap = true
tracks/2/keys = {
"times": PackedFloat32Array(0.1998),
"transitions": PackedFloat32Array(1),
"values": [{
"args": [],
"method": &"_slap"
}]
}

[sub_resource type="Animation" id="Animation_r2qqc"]
resource_name = "SlapperEquip"
length = 0.25
step = 0.05
tracks/0/type = "rotation_3d"
tracks/0/imported = false
tracks/0/enabled = true
tracks/0/path = NodePath("Slapper")
tracks/0/interp = 1
tracks/0/loop_wrap = true
tracks/0/keys = PackedFloat32Array(0, 1, 0.164924, 0.936935, -0.262137, 0.16198, 0.25, 1, 0.0717863, 0.909558, 0.403964, 0.0660546)
tracks/1/type = "position_3d"
tracks/1/imported = false
tracks/1/enabled = true
tracks/1/path = NodePath("Slapper")
tracks/1/interp = 1
tracks/1/loop_wrap = true
tracks/1/keys = PackedFloat32Array(0, 1, 0.14, -0.2, -0.145, 0.25, 1, 0.14, -0.13, -0.145)

[sub_resource type="Animation" id="Animation_pah7n"]
resource_name = "SlapperUnequip"
length = 0.25
step = 0.05
tracks/0/type = "position_3d"
tracks/0/imported = false
tracks/0/enabled = true
tracks/0/path = NodePath("Slapper")
tracks/0/interp = 1
tracks/0/loop_wrap = true
tracks/0/keys = PackedFloat32Array(0, 1, 0.14, -0.13, -0.145, 0.25, 1, 0.14, -0.2, -0.145)
tracks/1/type = "rotation_3d"
tracks/1/imported = false
tracks/1/enabled = true
tracks/1/path = NodePath("Slapper")
tracks/1/interp = 1
tracks/1/loop_wrap = true
tracks/1/keys = PackedFloat32Array(0, 1, 0.0717864, 0.909558, 0.403964, 0.0660545, 0.25, 1, 0.166762, 0.930257, -0.282732, 0.163937)

[sub_resource type="AnimationLibrary" id="AnimationLibrary_3q633"]
_data = {
"PistolEquip": SubResource("Animation_37gcc"),
"PistolShoot": SubResource("Animation_2htne"),
"PistolUnequip": SubResource("Animation_p4hij"),
"RESET": SubResource("Animation_chyh5"),
"RifleEquip": SubResource("Animation_yquew"),
"RifleShoot": SubResource("Animation_vnien"),
"RifleUnequip": SubResource("Animation_6e0nd"),
"ShotgunEquip": SubResource("Animation_mey44"),
"ShotgunShoot": SubResource("Animation_l34i7"),
"ShotgunUnequip": SubResource("Animation_ij2ii"),
"Slap": SubResource("Animation_28y8p"),
"SlapperEquip": SubResource("Animation_r2qqc"),
"SlapperUnequip": SubResource("Animation_pah7n")
}

[sub_resource type="LabelSettings" id="LabelSettings_byxgu"]
font_size = 76
font_color = Color(1, 0.152941, 0.109804, 1)

[sub_resource type="LabelSettings" id="LabelSettings_tg22j"]
font_size = 68
font_color = Color(0, 0.376471, 0.560784, 1)

[sub_resource type="LabelSettings" id="LabelSettings_6sj48"]
font_size = 48
font_color = Color(0.207843, 0.207843, 0.207843, 1)

[sub_resource type="LabelSettings" id="LabelSettings_j2l27"]
font_size = 48
font_color = Color(0.207843, 0.207843, 0.207843, 1)

[node name="Player" instance=ExtResource("1_sksl4")]
script = ExtResource("2_p530v")

[node name="Weapons" parent="." index="1"]
transform = Transform3D(-0.279998, -0.251895, -0.926364, -0.41899, 0.90027, -0.118158, 0.863741, 0.355053, -0.357616, 0.115295, 1.32001, -0.316628)

[node name="Mesh" parent="Weapons/Pistol" index="0"]
cast_shadow = 3

[node name="Mesh" parent="Weapons/Rifle" index="0"]
cast_shadow = 3

[node name="Mesh" parent="Weapons/Shotgun" index="0"]
cast_shadow = 3

[node name="FPWeapons" type="Node3D" parent="AimHelper" index="0"]

[node name="Slapper" parent="AimHelper/FPWeapons" index="0" instance=ExtResource("7_of6tn")]
transform = Transform3D(-0.893125, 0.393968, 0.217064, 0.224124, 0.808168, -0.544639, -0.389995, -0.437781, -0.810093, 0.14, -0.2, -0.145)
material_override = SubResource("StandardMaterial3D_hm4ms")
surface_material_override/0 = SubResource("StandardMaterial3D_15itc")

[node name="Pistol" parent="AimHelper/FPWeapons" index="1" instance=ExtResource("8_wni34")]
transform = Transform3D(-1, 1.22158e-07, 8.87531e-08, 1.06581e-13, 0.587785, -0.809017, -1.50996e-07, -0.809017, -0.587785, 0.08, -0.275, -0.16)
visible = false

[node name="Rifle" parent="AimHelper/FPWeapons" index="2" instance=ExtResource("9_kxdh1")]
transform = Transform3D(-1, 9.08715e-08, 1.20591e-07, 3.55271e-15, 0.798636, -0.601815, -1.50996e-07, -0.601815, -0.798636, 0.105, -0.4, -0.275)
visible = false
surface_material_override/0 = SubResource("StandardMaterial3D_5y7vo")

[node name="Shotgun" parent="AimHelper/FPWeapons" index="3" instance=ExtResource("10_0co2x")]
transform = Transform3D(1, 0, 0, 0, 1, 0, 0, 0, 1, 0.085, -0.175, -0.215)
visible = false
surface_material_override/0 = SubResource("StandardMaterial3D_iala0")

[node name="FPAnimator" type="AnimationPlayer" parent="AimHelper/FPWeapons" index="4"]
unique_name_in_owner = true
libraries = {
"": SubResource("AnimationLibrary_3q633")
}
autoplay = "SlapperEquip"

[node name="RemoteTransform3D" type="RemoteTransform3D" parent="AimHelper/Camera" index="0"]
transform = Transform3D(1, 0, 0, 0, 1, 0, 0, 0, 1, 0, 0, 0.210124)
remote_path = NodePath("../../../CanvasLayer/SubViewportContainer/SubViewport/FPCamera")

[node name="AnimationTree" parent="PuppetBase" index="1"]
parameters/Run/UpperRun/blend_position = Vector2(-1.0581, -1.14815)

[node name="Skeleton" parent="PuppetBase" index="2"]
bones/1/position = Vector3(1.61993e-09, 0.887012, -0.0641974)
bones/2/rotation = Quaternion(-0.265888, -3.1709e-07, 1.37401e-05, 0.964004)
bones/4/rotation = Quaternion(0.186486, -7.41339e-09, 1.48925e-08, 0.982458)
bones/5/rotation = Quaternion(0.110579, -1.50468e-09, -7.97577e-10, 0.993867)
bones/7/rotation = Quaternion(0.591802, 0.637517, -0.177167, -0.460384)
bones/8/rotation = Quaternion(-0.0131741, -0.719251, -0.0128072, 0.694508)
bones/9/rotation = Quaternion(-0.642744, 0.733843, -0.119258, 0.184752)
bones/10/rotation = Quaternion(2.38419e-07, -2.98023e-08, -1.19209e-07, 1)
bones/11/rotation = Quaternion(0.00271381, -0.255441, 0.044515, 0.965795)
bones/12/rotation = Quaternion(-0.272552, -0.455981, -0.0670652, 0.844571)
bones/14/rotation = Quaternion(-0.049032, -0.261497, 0.0947445, 0.959291)
bones/15/rotation = Quaternion(-0.258924, -0.444884, 0.113674, 0.849773)
bones/16/rotation = Quaternion(-0.214187, 0.673887, 0.214187, 0.673887)
bones/17/rotation = Quaternion(0.198748, 0.173299, 0.00706563, 0.964581)
bones/18/rotation = Quaternion(0.0789544, 0.210591, 0.0199645, 0.974176)
bones/20/rotation = Quaternion(-0.253448, 0.946902, -0.0703911, 0.184893)
bones/21/rotation = Quaternion(0.347444, 0.199256, -0.337742, 0.851769)
bones/22/rotation = Quaternion(-0.554722, -0.667925, 0.405728, 0.285561)
bones/23/rotation = Quaternion(5.96046e-08, -5.96046e-08, 1.78814e-07, 1)
bones/24/rotation = Quaternion(-0.20883, 0.386756, -0.0108419, 0.898161)
bones/25/rotation = Quaternion(-0.308406, 0.646145, -0.0907914, 0.692199)
bones/27/rotation = Quaternion(-0.549932, 0.610126, 0.091792, 0.562935)
bones/28/rotation = Quaternion(-0.215846, 0.422604, -0.0633122, 0.877957)
bones/29/rotation = Quaternion(-0.214187, -0.673887, -0.214187, 0.673887)
bones/30/rotation = Quaternion(-0.430492, 0.1199, -0.304196, 0.841288)
bones/31/rotation = Quaternion(-0.33108, 0.456871, -0.11983, 0.816882)
bones/33/rotation = Quaternion(-0.140627, 0.0632866, 0.987952, -0.0130619)
bones/34/rotation = Quaternion(-0.026288, 0.996861, 0.074542, 0.00463482)
bones/35/rotation = Quaternion(0.0754485, 0.792617, -0.593936, 0.115352)
bones/38/rotation = Quaternion(0.133421, -0.166757, 0.976674, -0.0223216)
bones/39/rotation = Quaternion(0.0494558, 0.988844, 0.140237, -0.0087193)
bones/40/rotation = Quaternion(-0.0845415, 0.685826, -0.716269, -0.0972318)
bones/41/rotation = Quaternion(-4.21469e-08, 1, 5.96047e-08, -1.26441e-07)

[node name="Body" parent="PuppetBase/Skeleton" index="0"]
cast_shadow = 3

[node name="Head" parent="PuppetBase/Skeleton" index="1"]
transform = Transform3D(1, -2.62543e-05, 8.23844e-06, 2.66913e-05, 0.998287, -0.0584978, -6.68851e-06, 0.0584978, 0.998287, -1.2137e-05, 1.5363, -0.263583)

[node name="HeadArea" parent="PuppetBase/Skeleton/Head" index="0"]
collision_layer = 4

[node name="Neck" parent="PuppetBase/Skeleton" index="2"]
transform = Transform3D(1, -2.63224e-05, -7.91799e-06, 2.66596e-05, 0.858607, 0.512634, -6.69529e-06, -0.512634, 0.858607, 0.00222603, 1.4318, -0.205267)

[node name="NeckArea" parent="PuppetBase/Skeleton/Neck" index="0"]
collision_layer = 4

[node name="Chest" parent="PuppetBase/Skeleton" index="3"]
transform = Transform3D(1, -2.63224e-05, -7.91799e-06, 2.66596e-05, 0.858607, 0.512634, -6.69529e-06, -0.512634, 0.858607, 7.1333e-10, 1.12518, -0.0868669)

[node name="ChestArea" parent="PuppetBase/Skeleton/Chest" index="0"]
collision_layer = 4

[node name="Stomach" parent="PuppetBase/Skeleton" index="4"]
transform = Transform3D(1, 0, 0, 0, 1, 0, 0, 0, 1, 1.61993e-09, 0.887012, -0.0641974)

[node name="StomachArea" parent="PuppetBase/Skeleton/Stomach" index="0"]
collision_layer = 4

[node name="R_UpperArm" parent="PuppetBase/Skeleton" index="5"]
transform = Transform3D(0.506013, -0.861616, 0.0396125, 0.141732, 0.0377593, -0.989185, 0.850802, 0.506154, 0.141225, 0.194954, 1.37494, -0.181044)

[node name="R_UpperArmArea" parent="PuppetBase/Skeleton/R_UpperArm" index="0"]
collision_layer = 4

[node name="R_Forearm" parent="PuppetBase/Skeleton" index="6"]
transform = Transform3D(0.704084, -0.0777099, 0.705851, 0.649569, -0.331145, -0.6844, 0.286924, 0.940375, -0.182676, 0.283682, 1.22679, -0.298184)

[node name="R_ForearmArea" parent="PuppetBase/Skeleton/R_Forearm" index="0"]
collision_layer = 4

[node name="R_Hand" parent="PuppetBase/Skeleton" index="7"]
transform = Transform3D(-0.279998, -0.251895, -0.926364, -0.41899, 0.90027, -0.118158, 0.863741, 0.355053, -0.357616, 0.115295, 1.32001, -0.369607)

[node name="R_HandArea" parent="PuppetBase/Skeleton/R_Hand" index="0"]
collision_layer = 4

[node name="L_UpperArm" parent="PuppetBase/Skeleton" index="8"]
transform = Transform3D(0.917687, 0.236779, 0.319039, 0.387741, -0.358623, -0.849145, -0.0866449, 0.902954, -0.420913, -0.194968, 1.37493, -0.181041)

[node name="L_UpperArmArea" parent="PuppetBase/Skeleton/L_UpperArm" index="0"]
collision_layer = 4

[node name="L_Forearm" parent="PuppetBase/Skeleton" index="9"]
transform = Transform3D(0.287026, 0.270375, -0.918974, -0.862601, -0.34424, -0.370699, -0.416576, 0.899108, 0.13442, -0.116307, 1.34161, -0.371426)

[node name="L_ForearmArea" parent="PuppetBase/Skeleton/L_Forearm" index="0"]
collision_layer = 4

[node name="L_Hand" parent="PuppetBase/Skeleton" index="10"]
transform = Transform3D(-0.188947, 0.160277, 0.968819, 0.474595, 0.87862, -0.052796, -0.859685, 0.449821, -0.242079, 0.0391225, 1.36602, -0.503303)

[node name="L_HandArea" parent="PuppetBase/Skeleton/L_Hand" index="0"]
collision_layer = 4

[node name="R_Thigh" parent="PuppetBase/Skeleton" index="11"]
transform = Transform3D(-0.963401, -0.000895776, 0.268062, -0.0880995, -0.943388, -0.319778, 0.253173, -0.33169, 0.908782, 0.0851499, 0.869523, -0.0593682)

[node name="R_ThighArea" parent="PuppetBase/Skeleton/R_Thigh" index="0"]
collision_layer = 4

[node name="R_Shin" parent="PuppetBase/Skeleton" index="12"]
transform = Transform3D(0.966797, -0.0233263, -0.254477, -0.0122586, -0.998912, 0.0449914, -0.25525, -0.0403781, -0.966032, 0.111534, 0.485823, -0.228523)

[node name="R_ShinArea" parent="PuppetBase/Skeleton/R_Shin" index="0"]
collision_layer = 4

[node name="R_Foot" parent="PuppetBase/Skeleton" index="13"]
transform = Transform3D(-1, 0, -6.95698e-07, -6.80797e-07, 4.24683e-07, 1, 1.49012e-08, 1, -3.61353e-07, 0.11946, 0.113836, -0.180126)

[node name="R_FootArea" parent="PuppetBase/Skeleton/R_Foot" index="0"]
collision_layer = 4

[node name="L_Thigh" parent="PuppetBase/Skeleton" index="14"]
transform = Transform3D(-0.960107, 0.0080095, -0.279519, -0.0436087, -0.991648, 0.121374, -0.276212, 0.128722, 0.952438, -0.0851499, 0.869523, -0.0593682)

[node name="L_ThighArea" parent="PuppetBase/Skeleton/L_Thigh" index="0"]
collision_layer = 4

[node name="L_Shin" parent="PuppetBase/Skeleton" index="15"]
transform = Transform3D(0.962003, 0.0174201, 0.272484, 0.0932373, -0.958933, -0.267869, 0.256627, 0.283096, -0.924121, -0.108173, 0.450544, -0.0378823)

[node name="L_ShinArea" parent="PuppetBase/Skeleton/L_Shin" index="0"]
collision_layer = 4

[node name="L_Foot" parent="PuppetBase/Skeleton" index="16"]
transform = Transform3D(-1, 0, 8.19564e-08, 1.19209e-07, 1.49012e-08, 1, -2.98023e-08, 1, 1.04308e-07, -0.11946, 0.113831, 0.127276)

[node name="L_FootArea" parent="PuppetBase/Skeleton/L_Foot" index="0"]
collision_layer = 4

[node name="CanvasLayer" type="CanvasLayer" parent="." index="8"]

[node name="SubViewportContainer" type="SubViewportContainer" parent="CanvasLayer" index="0"]
anchors_preset = 15
anchor_right = 1.0
anchor_bottom = 1.0
grow_horizontal = 2
grow_vertical = 2
stretch = true

[node name="SubViewport" type="SubViewport" parent="CanvasLayer/SubViewportContainer" index="0"]
transparent_bg = true
handle_input_locally = false
size = Vector2i(1920, 1080)
render_target_update_mode = 4

[node name="FPCamera" type="Camera3D" parent="CanvasLayer/SubViewportContainer/SubViewport" index="0"]
transform = Transform3D(1, 0, 0, 0, 1, 0, 0, 0, 1, 0, 1.65, 0)
cull_mask = 8
current = true

[node name="UI" type="Control" parent="CanvasLayer" index="1"]
process_mode = 3
layout_mode = 3
anchors_preset = 8
anchor_left = 0.5
anchor_top = 0.5
anchor_right = 0.5
anchor_bottom = 0.5
grow_horizontal = 2
grow_vertical = 2
pivot_offset = Vector2(960, 540)
script = ExtResource("7_bolck")

[node name="Crosshair" type="Sprite2D" parent="CanvasLayer/UI" index="0"]
scale = Vector2(1.2, 1.2)
texture = ExtResource("11_ky6qt")

[node name="Health" type="BoxContainer" parent="CanvasLayer/UI" index="1"]
layout_mode = 1
offset_left = -881.0
offset_top = -472.0
offset_right = -752.0
offset_bottom = -270.0
vertical = true

[node name="Health" type="Label" parent="CanvasLayer/UI/Health" index="0"]
unique_name_in_owner = true
layout_mode = 2
text = "100"
label_settings = SubResource("LabelSettings_byxgu")
vertical_alignment = 1

[node name="Armor" type="Label" parent="CanvasLayer/UI/Health" index="1"]
unique_name_in_owner = true
layout_mode = 2
text = "0
"
label_settings = SubResource("LabelSettings_tg22j")

[node name="Weapon" type="VBoxContainer" parent="CanvasLayer/UI" index="2"]
layout_mode = 0
offset_left = 724.0
offset_top = 331.0
offset_right = 821.0
offset_bottom = 469.0

[node name="AmmoInMag" type="Label" parent="CanvasLayer/UI/Weapon" index="0"]
unique_name_in_owner = true
layout_mode = 2
text = "0 / 0"
label_settings = SubResource("LabelSettings_6sj48")
horizontal_alignment = 2
vertical_alignment = 1

[node name="ExtraAmmo" type="Label" parent="CanvasLayer/UI/Weapon" index="1"]
unique_name_in_owner = true
layout_mode = 2
text = "0"
label_settings = SubResource("LabelSettings_j2l27")
horizontal_alignment = 2
vertical_alignment = 1

[connection signal="finished_reloading" from="Weapons/Pistol" to="." method="_update_UI"]
[connection signal="finished_reloading" from="Weapons/Rifle" to="." method="_update_UI"]
[connection signal="finished_reloading" from="Weapons/Shotgun" to="." method="_update_UI"]

[editable path="Weapons/Pistol"]
[editable path="Weapons/Pistol/Mesh"]
[editable path="Weapons/Rifle"]
[editable path="Weapons/Shotgun"]
[editable path="PuppetBase"]
