[gd_scene load_steps=7 format=3 uid="uid://bb1otskk4hdc6"]

[ext_resource type="PackedScene" uid="uid://65jhlh1xbkow" path="res://Characters/CharacterBase.tscn" id="1_chbam"]
[ext_resource type="Script" path="res://Characters/Player.gd" id="2_y7402"]
[ext_resource type="PackedScene" uid="uid://cm6pnkpd4ohs5" path="res://Characters/FirstPerson.tscn" id="3_qdhym"]
[ext_resource type="PackedScene" uid="uid://by7wwhoru7x60" path="res://Props/Weapons/Pistol/FPPistol.tscn" id="4_34lwb"]
[ext_resource type="PackedScene" uid="uid://kwpmppcj56nl" path="res://Props/Weapons/SMG/FPSMG.tscn" id="5_6dxl1"]
[ext_resource type="PackedScene" uid="uid://btj7bcwc5cjwk" path="res://Props/Weapons/Rifle/FPRifle.tscn" id="6_1205m"]

[node name="Player" instance=ExtResource("1_chbam")]
script = ExtResource("2_y7402")

[node name="Skeleton3D" parent="Mannequin/Mannequin" index="0"]
bones/0/position = Vector3(-0.000598402, 96.6281, -4.11641e-05)
bones/1/rotation = Quaternion(-0.0607302, -1.93818e-08, 6.12552e-06, 0.998154)
bones/2/rotation = Quaternion(0.000196127, 2.99935e-08, -9.31616e-06, 1)
bones/3/rotation = Quaternion(0.0577117, 2.20959e-06, 3.28261e-06, 0.998333)
bones/5/rotation = Quaternion(-1.98192e-16, -8.41592e-12, -8.2919e-15, 1)
bones/7/rotation = Quaternion(-0.453835, -0.544849, 0.551139, -0.439794)
bones/8/rotation = Quaternion(-0.0104523, -0.00106276, 0.101151, 0.994816)
bones/10/position = Vector3(-5.17694e-08, 27.6145, 5.96712e-06)
bones/11/rotation = Quaternion(0.251894, -0.0594643, 0.221923, 0.940087)
bones/12/rotation = Quaternion(7.34845e-06, 3.50808e-07, 7.91624e-07, 1)
bones/13/position = Vector3(-8.94068e-07, 4.38212, -8.48533e-06)
bones/14/position = Vector3(-7.61094e-06, 3.45908, -4.70429e-07)
bones/16/position = Vector3(1.39391e-07, 3.89197, 5.45716e-07)
bones/18/position = Vector3(-1.18696e-07, 3.07799, 5.00427e-06)
bones/19/position = Vector3(-1.24767e-05, 12.7755, -7.40892e-06)
bones/20/position = Vector3(9.44538e-08, 3.61396, 2.4206e-06)
bones/23/rotation = Quaternion(-7.15332e-07, -1.13068e-10, 4.6344e-06, 1)
bones/24/position = Vector3(-3.17291e-07, 3.60118, 5.68246e-06)
bones/25/position = Vector3(6.45812e-07, 3.30732, 9.69117e-06)
bones/28/position = Vector3(-8.72002e-07, 4.13666, 3.90132e-06)
bones/28/rotation = Quaternion(-4.62341e-06, -4.52034e-07, -0.000368424, 1)
bones/29/position = Vector3(8.05506e-07, 2.59483, -1.64779e-05)
bones/29/rotation = Quaternion(5.29424e-06, 6.46247e-07, 0.000230579, 1)
bones/31/rotation = Quaternion(0.453838, -0.544847, 0.55114, 0.439793)
bones/32/rotation = Quaternion(-0.0104557, 0.00106302, -0.101149, 0.994816)
bones/35/rotation = Quaternion(0.251896, 0.0594639, -0.221924, 0.940086)
bones/40/position = Vector3(-3.51555e-08, 3.89198, -1.93439e-06)
bones/42/position = Vector3(2.9675e-07, 3.078, 4.2006e-06)
bones/44/position = Vector3(-4.90561e-08, 3.61397, -4.78636e-06)
bones/49/position = Vector3(-1.64081e-07, 3.30731, 3.4482e-07)
bones/52/position = Vector3(-4.98287e-08, 4.13665, 1.13457e-06)
bones/55/rotation = Quaternion(0.016414, 0.194109, 0.980319, -0.0320348)
bones/56/rotation = Quaternion(-0.223031, 0.0194333, -0.00453709, 0.974607)
bones/57/rotation = Quaternion(0.520386, -0.0578008, 0.0688236, 0.849189)
bones/58/rotation = Quaternion(0.384319, -0.0612883, -0.0132994, 0.921068)
bones/60/rotation = Quaternion(0.00468906, -0.0649949, 0.997425, 0.0299461)
bones/61/rotation = Quaternion(-0.127728, 0.0149867, 0.0070165, 0.991671)
bones/62/rotation = Quaternion(0.638699, 0.074635, -0.0603594, 0.763446)
bones/63/rotation = Quaternion(0.340253, 0.0494427, 0.00697298, 0.939007)

[node name="Alpha_Joints" parent="Mannequin/Mannequin/Skeleton3D" index="0"]
cast_shadow = 3

[node name="Alpha_Surface" parent="Mannequin/Mannequin/Skeleton3D" index="1"]
cast_shadow = 3

[node name="Hips" parent="Mannequin/Mannequin/Skeleton3D" index="2"]
transform = Transform3D(-1, 8.78096e-05, 3.02004e-06, 8.78096e-05, 1, 4.95416e-08, -3.02004e-06, 4.98068e-08, -1, -0.000598402, 96.6281, -4.11641e-05)

[node name="Stomach" parent="Mannequin/Mannequin/Skeleton3D" index="3"]
transform = Transform3D(-1, 9.90218e-05, 1.44262e-05, 0.00010004, 0.992624, 0.121236, -2.31472e-06, 0.121236, -0.992624, -0.000590419, 106.552, 1.22729)

[node name="Chest" parent="Mannequin/Mannequin/Skeleton3D" index="4"]
transform = Transform3D(-1, 8.03951e-05, 1.4331e-05, 8.15378e-05, 0.992671, 0.120847, -4.51046e-06, 0.120847, -0.992671, 0.000571306, 118.197, 2.64963)

[node name="Neck" parent="Mannequin/Mannequin/Skeleton3D" index="5"]
transform = Transform3D(-1, 8.78096e-05, -3.17798e-07, 8.78096e-05, 1, 8.84756e-08, 3.17806e-07, 8.84756e-08, -1, 0.00294757, 146.59, 3.48318)

[node name="Head" parent="Mannequin/Mannequin/Skeleton3D" index="6"]
transform = Transform3D(-1, 8.78096e-05, -3.17781e-07, 8.78096e-05, 1, 8.84756e-08, 3.17789e-07, 8.84756e-08, -1, 0.00385027, 156.911, 0.340754)

[node name="L_UpperArm" parent="Mannequin/Mannequin/Skeleton3D" index="7"]
transform = Transform3D(-7.90171e-07, -1, -8.93138e-05, -4.85689e-07, 8.94163e-05, -1, 1, -8.08557e-07, -5.20959e-07, -18.7584, 140.403, 6.17147)

[node name="L_Forearm" parent="Mannequin/Mannequin/Skeleton3D" index="8"]
transform = Transform3D(-7.91164e-07, -1, -8.80745e-05, -4.39789e-07, 8.8177e-05, -1, 1, -8.09555e-07, -4.75058e-07, -46.1631, 140.406, 6.17146)

[node name="L_Hand" parent="Mannequin/Mannequin/Skeleton3D" index="9"]
transform = Transform3D(-6.37306e-07, -1, -8.66612e-05, -4.56974e-07, 8.67636e-05, -1, 1, -6.55696e-07, -4.92229e-07, -73.7776, 140.408, 6.17144)

[node name="R_UpperArm" parent="Mannequin/Mannequin/Skeleton3D" index="10"]
transform = Transform3D(-5.54488e-07, 1, -8.65571e-05, -4.32465e-10, -8.64826e-05, -1, -1, -5.77945e-07, -1.53332e-08, 18.7632, 140.4, 6.1714)

[node name="R_Forearm" parent="Mannequin/Mannequin/Skeleton3D" index="11"]
transform = Transform3D(-4.95336e-07, 1, -8.70098e-05, 2.7176e-08, -8.69353e-05, -1, -1, -5.18795e-07, -4.29465e-08, 46.1679, 140.398, 6.17139)

[node name="R_Hand" parent="Mannequin/Mannequin/Skeleton3D" index="12"]
transform = Transform3D(-4.72286e-07, 1, -8.64171e-05, -9.53898e-08, -8.63426e-05, -1, -1, -4.95735e-07, 7.96169e-08, 73.7824, 140.395, 6.17136)

[node name="L_Thigh" parent="Mannequin/Mannequin/Skeleton3D" index="13"]
transform = Transform3D(0.997404, -0.0692608, -0.0197091, -0.056524, -0.922585, 0.381631, -0.0446154, -0.379526, -0.924105, -9.12505, 89.9717, 0.0553348)

[node name="L_Shin" parent="Mannequin/Mannequin/Skeleton3D" index="14"]
transform = Transform3D(0.998529, -0.0536208, -0.00803159, -0.0540062, -0.996748, -0.0597973, -0.00479909, 0.0601431, -0.998178, -11.937, 52.5153, -15.3532)

[node name="L_Foot" parent="Mannequin/Mannequin/Skeleton3D" index="15"]
transform = Transform3D(0.977992, -0.207892, 0.0176905, -0.119834, -0.490277, 0.863289, -0.170797, -0.84641, -0.504399, -14.1944, 10.5532, -12.8212)

[node name="R_Thigh" parent="Mannequin/Mannequin/Skeleton3D" index="16"]
transform = Transform3D(0.998168, 0.0602602, -0.0054697, 0.0590408, -0.989763, -0.129935, -0.0132436, 0.129374, -0.991507, 9.12385, 89.9717, 0.0553381)

[node name="R_Shin" parent="Mannequin/Mannequin/Skeleton3D" index="17"]
transform = Transform3D(0.998401, 0.0419605, 0.0378697, 0.0531191, -0.925529, -0.374932, 0.0193172, 0.376344, -0.926279, 11.5704, 49.7878, 5.30787)

[node name="R_Foot" parent="Mannequin/Mannequin/Skeleton3D" index="18"]
transform = Transform3D(0.972901, 0.231212, 0.00204985, 0.120836, -0.515977, 0.848037, 0.197134, -0.824809, -0.529933, 13.3369, 10.824, 21.1516)

[node name="Camera" parent="AimHelper" index="0"]
transform = Transform3D(1, 0, 0, 0, 1, 0, 0, 0, 1, 0, 0, 0)

[node name="RemoteTransform3D" type="RemoteTransform3D" parent="AimHelper/Camera" index="0"]
remote_path = NodePath("../../../FPCanvas/SubViewportContainer/SubViewport/FPCamera")
update_scale = false

[node name="FPView" parent="AimHelper" index="2" instance=ExtResource("3_qdhym")]
transform = Transform3D(1, 0, 0, 0, 1, 0, 0, 0, 1, 0, -0.22, 0)

[node name="FPWeapons" type="Node3D" parent="AimHelper/FPView/Mannequin/Skeleton3D/HandAttach" index="0"]
unique_name_in_owner = true
transform = Transform3D(1, 1.43074e-08, -3.42782e-09, -1.43074e-08, 1, 2.86145e-08, 3.42782e-09, -2.86145e-08, 1, 0, 0, 0)

[node name="Pistol" parent="AimHelper/FPView/Mannequin/Skeleton3D/HandAttach/FPWeapons" index="0" instance=ExtResource("4_34lwb")]
transform = Transform3D(-1.22747, 99.9843, -1.27495, 1.09224, -1.26158, -99.9861, -99.9865, -1.24122, -1.07657, 2.13686, 7.49473, 3.19918)
visible = false

[node name="SMG" parent="AimHelper/FPView/Mannequin/Skeleton3D/HandAttach/FPWeapons" index="1" instance=ExtResource("5_6dxl1")]
transform = Transform3D(1.90598, 99.8881, 4.32834, 4.11762, 4.24704, -99.8249, -99.897, 2.08085, -4.03206, 0.982015, 10.8305, 3.41445)

[node name="Rifle" parent="AimHelper/FPView/Mannequin/Skeleton3D/HandAttach/FPWeapons" index="2" instance=ExtResource("6_1205m")]
transform = Transform3D(-0.0221794, 99.8075, 6.2025, 5.2994, 6.19495, -99.6672, -99.8595, 0.306574, -5.29057, -0.402056, 6.48742, 3.17827)
visible = false

[node name="FPCanvas" type="CanvasLayer" parent="." index="7"]

[node name="SubViewportContainer" type="SubViewportContainer" parent="FPCanvas" index="0"]
anchors_preset = 15
anchor_right = 1.0
anchor_bottom = 1.0
grow_horizontal = 2
grow_vertical = 2
stretch = true
metadata/_edit_use_anchors_ = true

[node name="SubViewport" type="SubViewport" parent="FPCanvas/SubViewportContainer" index="0"]
transparent_bg = true
handle_input_locally = false
size = Vector2i(1920, 1080)
render_target_update_mode = 4

[node name="FPCamera" type="Camera3D" parent="FPCanvas/SubViewportContainer/SubViewport" index="0"]
transform = Transform3D(1, 0, 0, 0, 1, 0, 0, 0, 1, 0, 1.65, 0)
top_level = true
cull_mask = 8
current = true

[editable path="Mannequin"]
[editable path="Mannequin/Mannequin/Skeleton3D/R_Hand/Weapons/Pistol"]
[editable path="Mannequin/Mannequin/Skeleton3D/R_Hand/Weapons/Pistol/Mesh"]
[editable path="Mannequin/Mannequin/Skeleton3D/R_Hand/Weapons/SMG"]
[editable path="Mannequin/Mannequin/Skeleton3D/R_Hand/Weapons/SMG/Mesh"]
[editable path="Mannequin/Mannequin/Skeleton3D/R_Hand/Weapons/Rifle"]
[editable path="Mannequin/Mannequin/Skeleton3D/R_Hand/Weapons/Rifle/Mesh"]
[editable path="Mannequin/Mannequin/Skeleton3D/R_Hand/Weapons/Shotgun"]
[editable path="Mannequin/Mannequin/Skeleton3D/R_Hand/Weapons/Sniper"]
[editable path="AimHelper/FPView"]
