[gd_scene load_steps=13 format=3 uid="uid://bb1otskk4hdc6"]

[ext_resource type="PackedScene" uid="uid://65jhlh1xbkow" path="res://Characters/CharacterBase.tscn" id="1_chbam"]
[ext_resource type="Script" path="res://Characters/Campaign/CampaignPlayer.gd" id="2_4y5pm"]
[ext_resource type="PackedScene" uid="uid://cm6pnkpd4ohs5" path="res://Characters/FirstPerson.tscn" id="3_qdhym"]
[ext_resource type="Script" path="res://Characters/Multiplayer/UI.gd" id="4_xk1b2"]
[ext_resource type="PackedScene" uid="uid://0r6eljbdbyqv" path="res://Props/Weapons/Slapper/FPSlapper.tscn" id="4_xoe8x"]
[ext_resource type="Texture2D" uid="uid://dwg7182f40h5u" path="res://Characters/CrossHair.png" id="5_jm81b"]
[ext_resource type="Texture2D" uid="uid://bakhbfe2uhg4u" path="res://Characters/Scope.png" id="6_qktbt"]
[ext_resource type="Script" path="res://Characters/Multiplayer/MatchTimer.gd" id="7_tlx56"]
[ext_resource type="Texture2D" uid="uid://crqwjsvsfkcig" path="res://Characters/DmgArrow.png" id="8_n10ar"]

[sub_resource type="LabelSettings" id="LabelSettings_47f13"]
resource_local_to_scene = true
font_size = 72
font_color = Color(0.121569, 0.121569, 0.121569, 1)
outline_size = 5
outline_color = Color(0.184314, 0.184314, 0.184314, 1)

[sub_resource type="LabelSettings" id="LabelSettings_nykx7"]
resource_local_to_scene = true
font_size = 48
font_color = Color(0.121569, 0.121569, 0.121569, 1)

[sub_resource type="LabelSettings" id="LabelSettings_d86el"]
font_size = 48
font_color = Color(0.121569, 0.121569, 0.121569, 1)

[node name="Player" instance=ExtResource("1_chbam")]
script = ExtResource("2_4y5pm")
health_fade = null

[node name="Skeleton3D" parent="Mannequin/Mannequin" index="0"]
bones/0/position = Vector3(-0.000598402, 95.9167, -4.11982e-05)
bones/1/rotation = Quaternion(-0.00996332, -0.00165652, 0.00247894, 0.999946)
bones/2/rotation = Quaternion(-0.0529092, -0.000130674, 0.000684567, 0.998599)
bones/3/rotation = Quaternion(0.0277018, -0.000940603, 0.00244993, 0.999613)
bones/4/rotation = Quaternion(-0.0470117, 0.0232652, 0.00178921, 0.998622)
bones/5/rotation = Quaternion(0.0734882, 0.0256892, -0.00255625, 0.996962)
bones/8/rotation = Quaternion(0.581614, 0.260566, 0.0739408, 0.767049)
bones/9/rotation = Quaternion(0.534861, -0.657592, 0.393673, 0.355695)
bones/31/rotation = Quaternion(0.555669, -0.466879, 0.543323, 0.421967)
bones/32/rotation = Quaternion(0.298022, -0.494988, -0.481705, 0.658885)
bones/56/rotation = Quaternion(-0.220082, 0.0192556, -0.00458336, 0.975281)
bones/57/rotation = Quaternion(0.522821, -0.0581428, 0.0687176, 0.847676)
bones/61/rotation = Quaternion(-0.13195, 0.0147586, 0.00694295, 0.991122)
bones/62/rotation = Quaternion(0.650958, 0.076525, -0.0591016, 0.75293)

[node name="Alpha_Joints" parent="Mannequin/Mannequin/Skeleton3D" index="0"]
cast_shadow = 3

[node name="Alpha_Surface" parent="Mannequin/Mannequin/Skeleton3D" index="1"]
cast_shadow = 3

[node name="Hips" parent="Mannequin/Mannequin/Skeleton3D" index="2"]
transform = Transform3D(-1, 8.78096e-05, 3.02004e-06, 8.78096e-05, 1, 4.95416e-08, -3.02004e-06, 4.98068e-08, -1, -0.000598402, 95.9167, -4.11982e-05)

[node name="Stomach" parent="Mannequin/Mannequin/Skeleton3D" index="3"]
transform = Transform3D(-0.999982, 0.00501233, 0.00336703, 0.00507843, 0.999789, 0.0199171, -0.00326649, 0.0199338, -0.999796, -0.000590419, 105.84, 1.22729)

[node name="Chest" parent="Mannequin/Mannequin/Skeleton3D" index="4"]
transform = Transform3D(-0.999973, 0.00598183, 0.00421125, 0.00646293, 0.992079, 0.125452, -0.00342746, 0.125475, -0.992091, 0.0582143, 117.57, 1.46115)

[node name="Neck" parent="Mannequin/Mannequin/Skeleton3D" index="5"]
transform = Transform3D(-0.99908, 0.0163398, -0.0396588, 0.0096148, 0.986383, 0.164184, 0.0418015, 0.163652, -0.985632, 0.311274, 145.973, 3.33151)

[node name="Head" parent="Mannequin/Mannequin/Skeleton3D" index="6"]
transform = Transform3D(-0.995723, 0.0014926, -0.0923744, -0.000172877, 0.999838, 0.0180191, 0.0923863, 0.0179579, -0.995561, 0.355303, 156.67, 1.92341)

[node name="L_UpperArm" parent="Mannequin/Mannequin/Skeleton3D" index="7"]
transform = Transform3D(-0.577729, -0.141955, 0.80379, 0.230959, -0.972946, -0.00582623, 0.782871, 0.182276, 0.594885, -18.4111, 137.507, 1.39316)

[node name="L_Forearm" parent="Mannequin/Mannequin/Skeleton3D" index="8"]
transform = Transform3D(0.875603, 0.441133, -0.196779, 0.366378, -0.341049, 0.865709, 0.314782, -0.830113, -0.460245, -22.2453, 111.017, 6.54871)

[node name="L_Hand" parent="Mannequin/Mannequin/Skeleton3D" index="9"]
transform = Transform3D(-0.749016, 0.435099, 0.499665, -0.469088, 0.18434, -0.863699, -0.467902, -0.881311, 0.0660261, -10.0637, 101.599, -16.3745)

[node name="R_UpperArm" parent="Mannequin/Mannequin/Skeleton3D" index="10"]
transform = Transform3D(-0.985616, 0.167715, -0.0207966, -0.14981, -0.924015, -0.351786, -0.0782159, -0.343611, 0.93585, 18.9462, 137.127, 3.43145)

[node name="R_Forearm" parent="Mannequin/Mannequin/Skeleton3D" index="11"]
transform = Transform3D(0.279848, -0.631866, -0.722793, 0.590385, -0.480422, 0.648568, -0.757054, -0.608227, 0.238599, 23.5423, 111.805, -5.9851)

[node name="R_Hand" parent="Mannequin/Mannequin/Skeleton3D" index="12"]
transform = Transform3D(-0.432265, -0.782814, -0.447604, 0.803584, -0.559621, 0.202674, -0.409145, -0.272078, 0.870962, 6.05734, 98.474, -22.7805)

[node name="L_Thigh" parent="Mannequin/Mannequin/Skeleton3D" index="13"]
transform = Transform3D(0.997404, -0.0692608, -0.0197091, -0.056524, -0.922585, 0.381631, -0.0446154, -0.379526, -0.924105, -9.12505, 89.2603, 0.0553348)

[node name="L_Shin" parent="Mannequin/Mannequin/Skeleton3D" index="14"]
transform = Transform3D(0.998529, -0.0536208, -0.00803162, -0.0539761, -0.997095, -0.0537466, -0.00512634, 0.0541012, -0.998522, -11.937, 51.8039, -15.3532)

[node name="L_Foot" parent="Mannequin/Mannequin/Skeleton3D" index="15"]
transform = Transform3D(0.977992, -0.207892, 0.0176905, -0.117803, -0.480222, 0.8692, -0.172204, -0.852155, -0.494143, -14.1944, 9.82727, -13.0756)

[node name="R_Thigh" parent="Mannequin/Mannequin/Skeleton3D" index="16"]
transform = Transform3D(0.998168, 0.0602602, -0.0054697, 0.0590408, -0.989763, -0.129935, -0.0132436, 0.129374, -0.991507, 9.12385, 89.2603, 0.055338)

[node name="R_Shin" parent="Mannequin/Mannequin/Skeleton3D" index="17"]
transform = Transform3D(0.998401, 0.0419605, 0.0378697, 0.053282, -0.922286, -0.382818, 0.0188634, 0.384224, -0.923047, 11.5704, 49.0764, 5.30787)

[node name="R_Foot" parent="Mannequin/Mannequin/Skeleton3D" index="18"]
transform = Transform3D(0.972901, 0.231212, 0.00204977, 0.116052, -0.495957, 0.860557, 0.199988, -0.837, -0.509349, 13.3369, 10.2491, 21.4833)

[node name="Weapons" parent="." index="2"]
transform = Transform3D(-0.432199, -0.782688, -0.447543, 0.803461, -0.559531, 0.202647, -0.409083, -0.272035, 0.870842, 0.0605734, 0.98474, -0.227805)

[node name="Mesh" parent="Weapons/Pistol" index="0"]
cast_shadow = 3

[node name="Mesh" parent="Weapons/SMG" index="0"]
cast_shadow = 3

[node name="Mesh" parent="Weapons/Rifle" index="0"]
cast_shadow = 3

[node name="Mesh" parent="Weapons/Shotgun" index="0"]
cast_shadow = 3

[node name="Mesh" parent="Weapons/Sniper" index="0"]
cast_shadow = 3

[node name="RemoteTransform3D" type="RemoteTransform3D" parent="AimHelper/Camera" index="0"]
remote_path = NodePath("../../../FPCanvas/SubViewportContainer/SubViewport/FPCamera")
update_scale = false

[node name="FirstPersonAnims" parent="AimHelper" index="2" instance=ExtResource("3_qdhym")]
transform = Transform3D(1, 0, 0, 0, 1, 0, 0, 0, 1, 0, 1.65, 0)
top_level = true

[node name="FPWeapons" parent="AimHelper/FirstPersonAnims" index="0"]
transform = Transform3D(0.0190566, 0.0411699, -0.99879, 0.99872, 0.0424639, 0.0208047, 0.0432764, -0.998098, -0.0403133, 0.0784935, -0.0129412, -0.323239)

[node name="Slapper" parent="AimHelper/FirstPersonAnims/FPWeapons" index="0" instance=ExtResource("4_xoe8x")]
transform = Transform3D(-1, 0, -8.96398e-08, 3.72529e-09, 1, -3.72529e-09, 8.84756e-08, 3.72529e-09, -1, 0, 0, 0)

[node name="FPCanvas" type="CanvasLayer" parent="." index="8"]

[node name="SubViewportContainer" type="SubViewportContainer" parent="FPCanvas" index="0"]
anchors_preset = 15
anchor_right = 1.0
anchor_bottom = 1.0
grow_horizontal = 2
grow_vertical = 2
stretch = true
metadata/_edit_use_anchors_ = true

[node name="SubViewport" type="SubViewport" parent="FPCanvas/SubViewportContainer" index="0"]
transparent_bg = true
handle_input_locally = false
size = Vector2i(1920, 1080)
render_target_update_mode = 4

[node name="FPCamera" type="Camera3D" parent="FPCanvas/SubViewportContainer/SubViewport" index="0"]
transform = Transform3D(1, 0, 0, 0, 0.97237, 0.233445, 0, -0.233445, 0.97237, 0, 2.15, 0.75)
cull_mask = 8
current = true

[node name="UI" type="Control" parent="FPCanvas" index="1"]
process_mode = 3
layout_mode = 3
anchors_preset = 8
anchor_left = 0.5
anchor_top = 0.5
anchor_right = 0.5
anchor_bottom = 0.5
grow_horizontal = 2
grow_vertical = 2
pivot_offset = Vector2(960, 540)
script = ExtResource("4_xk1b2")
metadata/_edit_use_anchors_ = true

[node name="Crosshair" type="Sprite2D" parent="FPCanvas/UI" index="0"]
scale = Vector2(1.2, 1.2)
texture = ExtResource("5_jm81b")

[node name="Scope" type="Sprite2D" parent="FPCanvas/UI" index="1"]
visible = false
texture = ExtResource("6_qktbt")

[node name="MatchTimer" type="Label" parent="FPCanvas/UI" index="2"]
unique_name_in_owner = true
visible = false
layout_mode = 1
anchors_preset = 14
anchor_top = 0.5
anchor_right = 1.0
anchor_bottom = 0.5
offset_left = -960.0
offset_top = -540.0
offset_right = 960.0
offset_bottom = -441.0
grow_horizontal = 2
grow_vertical = 2
text = "00 : 00"
label_settings = SubResource("LabelSettings_47f13")
horizontal_alignment = 1
vertical_alignment = 1
script = ExtResource("7_tlx56")
metadata/_edit_use_anchors_ = true

[node name="Weapon" type="VBoxContainer" parent="FPCanvas/UI" index="3"]
layout_mode = 0
offset_left = 637.0
offset_top = 331.0
offset_right = 734.0
offset_bottom = 469.0
metadata/_edit_use_anchors_ = true

[node name="AmmoInMag" type="Label" parent="FPCanvas/UI/Weapon" index="0"]
unique_name_in_owner = true
layout_mode = 2
text = "0 / 0"
label_settings = SubResource("LabelSettings_nykx7")
horizontal_alignment = 2
vertical_alignment = 1

[node name="ExtraAmmo" type="Label" parent="FPCanvas/UI/Weapon" index="1"]
unique_name_in_owner = true
layout_mode = 2
text = "0"
label_settings = SubResource("LabelSettings_d86el")
horizontal_alignment = 2
vertical_alignment = 1

[node name="DMG_Left" type="Sprite2D" parent="FPCanvas/UI" index="4"]
modulate = Color(1, 1, 1, 0)
position = Vector2(-1397, -107)
rotation = -3.14159
scale = Vector2(1.38477, 1.38477)
texture = ExtResource("8_n10ar")
metadata/_edit_group_ = true

[node name="DMG_Right" type="Sprite2D" parent="FPCanvas/UI" index="5"]
modulate = Color(1, 1, 1, 0)
position = Vector2(1413, 61)
scale = Vector2(1.38477, 1.38477)
texture = ExtResource("8_n10ar")
metadata/_edit_group_ = true

[node name="DMG_Up" type="Sprite2D" parent="FPCanvas/UI" index="6"]
modulate = Color(1, 1, 1, 0)
position = Vector2(164, -1046)
rotation = -1.57079
scale = Vector2(1.38477, 2.15647)
texture = ExtResource("8_n10ar")
metadata/_edit_group_ = true

[node name="DMG_Down" type="Sprite2D" parent="FPCanvas/UI" index="7"]
modulate = Color(1, 1, 1, 0)
position = Vector2(-142, 1034)
rotation = -4.71238
scale = Vector2(1.38477, 2.15647)
texture = ExtResource("8_n10ar")
metadata/_edit_group_ = true

[editable path="Mannequin"]
[editable path="Weapons/Pistol"]
[editable path="Weapons/Pistol/Mesh"]
[editable path="Weapons/SMG"]
[editable path="Weapons/SMG/Mesh"]
[editable path="Weapons/Rifle"]
[editable path="Weapons/Shotgun"]
[editable path="Weapons/Sniper"]
[editable path="AimHelper/FirstPersonAnims"]
