[gd_scene load_steps=36 format=3 uid="uid://bjvof25uwl8sb"]

[ext_resource type="PackedScene" uid="uid://1s5qidco641t" path="res://Characters/CharacterBase.tscn" id="1_sksl4"]
[ext_resource type="Script" path="res://Characters/Player.gd" id="2_p530v"]
[ext_resource type="PackedScene" uid="uid://kwpmppcj56nl" path="res://Props/Weapons/SMG/FPSMG.tscn" id="5_jery0"]
[ext_resource type="Script" path="res://Characters/UI.gd" id="7_bolck"]
[ext_resource type="PackedScene" uid="uid://0r6eljbdbyqv" path="res://Props/Weapons/Slapper/FPSlapper.tscn" id="7_of6tn"]
[ext_resource type="PackedScene" uid="uid://by7wwhoru7x60" path="res://Props/Weapons/Pistol/FPPistol.tscn" id="8_wni34"]
[ext_resource type="PackedScene" uid="uid://btj7bcwc5cjwk" path="res://Props/Weapons/Rifle/FPRifle.tscn" id="9_kxdh1"]
[ext_resource type="PackedScene" uid="uid://cokxjgyi8s31g" path="res://Props/Weapons/Shotgun/FPShotgun.tscn" id="10_0co2x"]
[ext_resource type="Texture2D" uid="uid://crqwjsvsfkcig" path="res://Characters/DmgArrow.png" id="10_4i56j"]
[ext_resource type="Texture2D" uid="uid://dwg7182f40h5u" path="res://Characters/CrossHair.png" id="11_ky6qt"]

[sub_resource type="StandardMaterial3D" id="StandardMaterial3D_hm4ms"]
albedo_color = Color(0.839216, 0.6, 0.466667, 1)
subsurf_scatter_strength = 1.0
subsurf_scatter_skin_mode = true

[sub_resource type="StandardMaterial3D" id="StandardMaterial3D_15itc"]
albedo_color = Color(0.839216, 0.6, 0.466667, 1)
subsurf_scatter_enabled = true
subsurf_scatter_strength = 1.0
subsurf_scatter_skin_mode = true

[sub_resource type="StandardMaterial3D" id="StandardMaterial3D_5y7vo"]
albedo_color = Color(0.305882, 0.305882, 0.305882, 1)
metallic = 0.33
metallic_specular = 0.27
roughness = 0.28
ao_enabled = true
ao_light_affect = 1.0

[sub_resource type="StandardMaterial3D" id="StandardMaterial3D_iala0"]
albedo_color = Color(0.305882, 0.305882, 0.305882, 1)
metallic = 0.33
metallic_specular = 0.27
roughness = 0.28
ao_enabled = true
ao_light_affect = 1.0

[sub_resource type="Animation" id="Animation_37gcc"]
resource_name = "PistolEquip"
length = 0.25
step = 0.05
tracks/0/type = "position_3d"
tracks/0/imported = false
tracks/0/enabled = true
tracks/0/path = NodePath("Pistol")
tracks/0/interp = 1
tracks/0/loop_wrap = true
tracks/0/keys = PackedFloat32Array(0, 1, 0.08, -0.275, -0.16, 0.25, 1, 0.08, -0.115, -0.16)
tracks/1/type = "rotation_3d"
tracks/1/imported = false
tracks/1/enabled = true
tracks/1/path = NodePath("Pistol")
tracks/1/interp = 1
tracks/1/loop_wrap = true
tracks/1/keys = PackedFloat32Array(0, 1, 1.98446e-08, 0.891007, -0.453991, 3.89471e-08, 0.25, 1, 0, 1, 0, -7.54979e-08)

[sub_resource type="Animation" id="Animation_2htne"]
resource_name = "PistolShoot"
length = 0.14
step = 0.01
tracks/0/type = "position_3d"
tracks/0/imported = false
tracks/0/enabled = true
tracks/0/path = NodePath("Pistol")
tracks/0/interp = 1
tracks/0/loop_wrap = true
tracks/0/keys = PackedFloat32Array(0, 1, 0.08, -0.115, -0.16, 0.05, 1, 0.08, -0.08, -0.15, 0.14, 1, 0.08, -0.115, -0.16)
tracks/1/type = "rotation_3d"
tracks/1/imported = false
tracks/1/enabled = true
tracks/1/path = NodePath("Pistol")
tracks/1/interp = 1
tracks/1/loop_wrap = true
tracks/1/keys = PackedFloat32Array(0, 1, 0, 1, 0, -4.37114e-08, 0.05, 1, -8.71465e-09, 0.979925, 0.199368, 4.28339e-08, 0.14, 1, 0, 1, 0, -4.37114e-08)

[sub_resource type="Animation" id="Animation_p4hij"]
resource_name = "PistolUnEquip"
length = 0.25
step = 0.05
tracks/0/type = "position_3d"
tracks/0/imported = false
tracks/0/enabled = true
tracks/0/path = NodePath("Pistol")
tracks/0/interp = 1
tracks/0/loop_wrap = true
tracks/0/keys = PackedFloat32Array(0, 1, 0.08, -0.115, -0.16, 0.25, 1, 0.08, -0.275, -0.16)
tracks/1/type = "rotation_3d"
tracks/1/imported = false
tracks/1/enabled = true
tracks/1/path = NodePath("Pistol")
tracks/1/interp = 1
tracks/1/loop_wrap = true
tracks/1/keys = PackedFloat32Array(0, 1, 0, 1, 0, -7.54979e-08, 0.25, 1, 3.42753e-08, 0.891007, -0.453991, 6.72691e-08)

[sub_resource type="Animation" id="Animation_chyh5"]
length = 0.001

[sub_resource type="Animation" id="Animation_yquew"]
resource_name = "RifleEquip"
length = 0.25
step = 0.05
tracks/0/type = "position_3d"
tracks/0/imported = false
tracks/0/enabled = true
tracks/0/path = NodePath("Rifle")
tracks/0/interp = 1
tracks/0/loop_wrap = true
tracks/0/keys = PackedFloat32Array(0, 1, 0.105, -0.4, -0.275, 0.25, 1, 0.105, -0.235, -0.275)
tracks/1/type = "rotation_3d"
tracks/1/imported = false
tracks/1/enabled = true
tracks/1/path = NodePath("Rifle")
tracks/1/interp = 1
tracks/1/loop_wrap = true
tracks/1/keys = PackedFloat32Array(0, 1, 2.39558e-08, 0.948324, -0.317305, 7.15965e-08, 0.25, 1, 0, 1, 0, -7.54979e-08)

[sub_resource type="Animation" id="Animation_vnien"]
resource_name = "RifleShoot"
length = 0.1111
step = 0.0111
tracks/0/type = "position_3d"
tracks/0/imported = false
tracks/0/enabled = true
tracks/0/path = NodePath("Rifle")
tracks/0/interp = 1
tracks/0/loop_wrap = true
tracks/0/keys = PackedFloat32Array(0, 1, 0.105, -0.235, -0.275, 0.0333, 1, 0.105, -0.235, -0.19, 0.111, 1, 0.105, -0.235, -0.275)
tracks/1/type = "rotation_3d"
tracks/1/imported = false
tracks/1/enabled = true
tracks/1/path = NodePath("Rifle")
tracks/1/interp = 1
tracks/1/loop_wrap = true
tracks/1/keys = PackedFloat32Array(0, 1, 0, 1, 0, -7.5498e-08, 0.0333, 1, -1.33488e-09, 0.999534, 0.0305385, 4.3691e-08, 0.111, 1, 0, 1, 0, -7.5498e-08)

[sub_resource type="Animation" id="Animation_6e0nd"]
resource_name = "RifleUnequip"
length = 0.25
step = 0.05
tracks/0/type = "position_3d"
tracks/0/imported = false
tracks/0/enabled = true
tracks/0/path = NodePath("Rifle")
tracks/0/interp = 1
tracks/0/loop_wrap = true
tracks/0/keys = PackedFloat32Array(0, 1, 0.105, -0.235, -0.275, 0.25, 1, 0.105, -0.4, -0.275)
tracks/1/type = "rotation_3d"
tracks/1/imported = false
tracks/1/enabled = true
tracks/1/path = NodePath("Rifle")
tracks/1/interp = 1
tracks/1/loop_wrap = true
tracks/1/keys = PackedFloat32Array(0, 1, 0, 1, 0, -7.54979e-08, 0.25, 1, 1.38698e-08, 0.948324, -0.317305, 4.14525e-08)

[sub_resource type="Animation" id="Animation_2xlax"]
resource_name = "SMGEquip"
length = 0.25
step = 0.05
tracks/0/type = "position_3d"
tracks/0/imported = false
tracks/0/enabled = true
tracks/0/path = NodePath("SMG")
tracks/0/interp = 1
tracks/0/loop_wrap = true
tracks/0/keys = PackedFloat32Array(0, 1, 0.09, -0.26, -0.135, 0.25, 1, 0.09, -0.16, -0.135)
tracks/1/type = "rotation_3d"
tracks/1/imported = false
tracks/1/enabled = true
tracks/1/path = NodePath("SMG")
tracks/1/interp = 1
tracks/1/loop_wrap = true
tracks/1/keys = PackedFloat32Array(0, 1, -0.496217, 0, 0, 0.868199, 0.25, 1, 0, 0, 0, 1)

[sub_resource type="Animation" id="Animation_wkgcg"]
resource_name = "SMGShoot"
length = 0.0833
step = 0.0083
tracks/0/type = "position_3d"
tracks/0/imported = false
tracks/0/enabled = true
tracks/0/path = NodePath("SMG")
tracks/0/interp = 1
tracks/0/loop_wrap = true
tracks/0/keys = PackedFloat32Array(0, 1, 0.09, -0.16, -0.135, 0.0249, 1, 0.09, -0.16, -0.09, 0.083, 1, 0.09, -0.16, -0.135)
tracks/1/type = "rotation_3d"
tracks/1/imported = false
tracks/1/enabled = true
tracks/1/path = NodePath("SMG")
tracks/1/interp = 1
tracks/1/loop_wrap = true
tracks/1/keys = PackedFloat32Array(0, 1, 0, 0, 0, 1, 0.0249, 1, 0.0741085, 0, 0, 0.99725, 0.083, 1, 0, 0, 0, 1)

[sub_resource type="Animation" id="Animation_ws6cv"]
resource_name = "SMGUnequip"
length = 0.25
step = 0.05
tracks/0/type = "position_3d"
tracks/0/imported = false
tracks/0/enabled = true
tracks/0/path = NodePath("SMG")
tracks/0/interp = 1
tracks/0/loop_wrap = true
tracks/0/keys = PackedFloat32Array(0, 1, 0.09, -0.16, -0.135, 0.25, 1, 0.09, -0.26, -0.135)
tracks/1/type = "rotation_3d"
tracks/1/imported = false
tracks/1/enabled = true
tracks/1/path = NodePath("SMG")
tracks/1/interp = 1
tracks/1/loop_wrap = true
tracks/1/keys = PackedFloat32Array(0, 1, 0, 0, 0, 1, 0.25, 1, -0.496217, 0, 0, 0.868199)

[sub_resource type="Animation" id="Animation_mey44"]
resource_name = "ShotgunEquip"
length = 0.25
step = 0.05
tracks/0/type = "position_3d"
tracks/0/imported = false
tracks/0/enabled = true
tracks/0/path = NodePath("Shotgun")
tracks/0/interp = 1
tracks/0/loop_wrap = true
tracks/0/keys = PackedFloat32Array(0, 1, 0.085, -0.355, -0.215, 0.25, 1, 0.085, -0.175, -0.215)
tracks/1/type = "rotation_3d"
tracks/1/imported = false
tracks/1/enabled = true
tracks/1/path = NodePath("Shotgun")
tracks/1/interp = 1
tracks/1/loop_wrap = true
tracks/1/keys = PackedFloat32Array(0, 1, -0.304864, 0, 0, 0.952396, 0.25, 1, 0, 0, 0, 1)

[sub_resource type="Animation" id="Animation_l34i7"]
resource_name = "ShotgunShoot"
length = 0.4444
step = 0.0111
tracks/0/type = "position_3d"
tracks/0/imported = false
tracks/0/enabled = true
tracks/0/path = NodePath("Shotgun")
tracks/0/interp = 1
tracks/0/loop_wrap = true
tracks/0/keys = PackedFloat32Array(0, 1, 0.085, -0.175, -0.215, 0.0444, 1, 0.085, -0.115, -0.16, 0.2109, 1, 0.085, -0.115, -0.15, 0.3219, 1, 0.085, -0.175, -0.215, 0.444, 1, 0.085, -0.175, -0.215)
tracks/1/type = "rotation_3d"
tracks/1/imported = false
tracks/1/enabled = true
tracks/1/path = NodePath("Shotgun")
tracks/1/interp = 1
tracks/1/loop_wrap = true
tracks/1/keys = PackedFloat32Array(0, 1, 0, 0, 0, 1, 0.0444, 1, 0.362438, 0, 0, 0.932008, 0.2109, 1, 0.358368, 0, 0, 0.93358, 0.3219, 1, 0, 0, 0, 1, 0.444, 1, 0, 0, 0, 1)

[sub_resource type="Animation" id="Animation_ij2ii"]
resource_name = "ShotgunUnequip"
length = 0.25
step = 0.05
tracks/0/type = "position_3d"
tracks/0/imported = false
tracks/0/enabled = true
tracks/0/path = NodePath("Shotgun")
tracks/0/interp = 1
tracks/0/loop_wrap = true
tracks/0/keys = PackedFloat32Array(0, 1, 0.085, -0.175, -0.215, 0.25, 1, 0.085, -0.355, -0.215)
tracks/1/type = "rotation_3d"
tracks/1/imported = false
tracks/1/enabled = true
tracks/1/path = NodePath("Shotgun")
tracks/1/interp = 1
tracks/1/loop_wrap = true
tracks/1/keys = PackedFloat32Array(0, 1, 0, 0, 0, 1, 0.25, 1, -0.304864, 0, 0, 0.952396)

[sub_resource type="Animation" id="Animation_28y8p"]
resource_name = "Slap"
length = 0.6
step = 0.0333
tracks/0/type = "position_3d"
tracks/0/imported = false
tracks/0/enabled = true
tracks/0/path = NodePath("Slapper")
tracks/0/interp = 1
tracks/0/loop_wrap = true
tracks/0/keys = PackedFloat32Array(0, 1, 0.14, -0.13, -0.145, 0.1332, 1, 0.13, -0.005, -0.135, 0.1998, 1, 0.021, -0.039, -0.136, 0.2664, 1, -0.165, -0.208, -0.137, 0.3663, 1, -0.165, -0.208, -0.137, 0.3996, 1, 0.065, -0.475, -0.145, 0.5994, 1, 0.14, -0.13, -0.145)
tracks/1/type = "rotation_3d"
tracks/1/imported = false
tracks/1/enabled = true
tracks/1/path = NodePath("Slapper")
tracks/1/interp = 1
tracks/1/loop_wrap = true
tracks/1/keys = PackedFloat32Array(0, 1, 0.0717862, 0.909558, 0.403964, 0.0660547, 0.1332, 1, 0.0709922, 0.805128, 0.557278, 0.190187, 0.1998, 1, 0.310236, 0.937765, -0.0851041, -0.130797, 0.2664, 1, 0.318869, 0.915376, -0.245759, -0.00339559, 0.3663, 1, 0.318869, 0.915376, -0.245759, -0.00339559, 0.3996, 1, 0.0717862, 0.909558, 0.403964, 0.0660547, 0.5994, 1, 0.0717862, 0.909558, 0.403964, 0.0660547)
tracks/2/type = "method"
tracks/2/imported = false
tracks/2/enabled = true
tracks/2/path = NodePath("../..")
tracks/2/interp = 1
tracks/2/loop_wrap = true
tracks/2/keys = {
"times": PackedFloat32Array(0.1998),
"transitions": PackedFloat32Array(1),
"values": [{
"args": [],
"method": &"_slap"
}]
}

[sub_resource type="Animation" id="Animation_r2qqc"]
resource_name = "SlapperEquip"
length = 0.25
step = 0.05
tracks/0/type = "rotation_3d"
tracks/0/imported = false
tracks/0/enabled = true
tracks/0/path = NodePath("Slapper")
tracks/0/interp = 1
tracks/0/loop_wrap = true
tracks/0/keys = PackedFloat32Array(0, 1, 0.164924, 0.936935, -0.262137, 0.16198, 0.25, 1, 0.0717863, 0.909558, 0.403964, 0.0660546)
tracks/1/type = "position_3d"
tracks/1/imported = false
tracks/1/enabled = true
tracks/1/path = NodePath("Slapper")
tracks/1/interp = 1
tracks/1/loop_wrap = true
tracks/1/keys = PackedFloat32Array(0, 1, 0.14, -0.2, -0.145, 0.25, 1, 0.14, -0.13, -0.145)

[sub_resource type="Animation" id="Animation_pah7n"]
resource_name = "SlapperUnequip"
length = 0.25
step = 0.05
tracks/0/type = "position_3d"
tracks/0/imported = false
tracks/0/enabled = true
tracks/0/path = NodePath("Slapper")
tracks/0/interp = 1
tracks/0/loop_wrap = true
tracks/0/keys = PackedFloat32Array(0, 1, 0.14, -0.13, -0.145, 0.25, 1, 0.14, -0.2, -0.145)
tracks/1/type = "rotation_3d"
tracks/1/imported = false
tracks/1/enabled = true
tracks/1/path = NodePath("Slapper")
tracks/1/interp = 1
tracks/1/loop_wrap = true
tracks/1/keys = PackedFloat32Array(0, 1, 0.0717864, 0.909558, 0.403964, 0.0660545, 0.25, 1, 0.166762, 0.930257, -0.282732, 0.163937)

[sub_resource type="AnimationLibrary" id="AnimationLibrary_3q633"]
_data = {
"PistolEquip": SubResource("Animation_37gcc"),
"PistolShoot": SubResource("Animation_2htne"),
"PistolUnequip": SubResource("Animation_p4hij"),
"RESET": SubResource("Animation_chyh5"),
"RifleEquip": SubResource("Animation_yquew"),
"RifleShoot": SubResource("Animation_vnien"),
"RifleUnequip": SubResource("Animation_6e0nd"),
"SMGEquip": SubResource("Animation_2xlax"),
"SMGShoot": SubResource("Animation_wkgcg"),
"SMGUnequip": SubResource("Animation_ws6cv"),
"ShotgunEquip": SubResource("Animation_mey44"),
"ShotgunShoot": SubResource("Animation_l34i7"),
"ShotgunUnequip": SubResource("Animation_ij2ii"),
"Slap": SubResource("Animation_28y8p"),
"SlapperEquip": SubResource("Animation_r2qqc"),
"SlapperUnequip": SubResource("Animation_pah7n")
}

[sub_resource type="LabelSettings" id="LabelSettings_byxgu"]
font_size = 76
font_color = Color(1, 0.152941, 0.109804, 1)

[sub_resource type="LabelSettings" id="LabelSettings_tg22j"]
font_size = 68
font_color = Color(0, 0.376471, 0.560784, 1)

[sub_resource type="LabelSettings" id="LabelSettings_6sj48"]
font_size = 48
font_color = Color(0.207843, 0.207843, 0.207843, 1)

[sub_resource type="LabelSettings" id="LabelSettings_j2l27"]
font_size = 48
font_color = Color(0.207843, 0.207843, 0.207843, 1)

[node name="Player" instance=ExtResource("1_sksl4")]
script = ExtResource("2_p530v")

[node name="Weapons" parent="." index="1"]
transform = Transform3D(0.851913, -0.0731059, 0.518556, -0.230307, 0.837008, 0.496363, -0.470322, -0.542285, 0.696221, 0.166036, 1.44639, -0.376127)

[node name="Mesh" parent="Weapons/Pistol" index="0"]
cast_shadow = 3

[node name="Mesh" parent="Weapons/SMG" index="0"]
cast_shadow = 3

[node name="Mesh" parent="Weapons/Rifle" index="0"]
cast_shadow = 3

[node name="Mesh" parent="Weapons/Shotgun" index="0"]
cast_shadow = 3

[node name="FPWeapons" type="Node3D" parent="AimHelper" index="0"]

[node name="Slapper" parent="AimHelper/FPWeapons" index="0" instance=ExtResource("7_of6tn")]
transform = Transform3D(-0.893125, 0.393968, 0.217064, 0.224124, 0.808168, -0.544639, -0.389995, -0.437781, -0.810093, 0.14, -0.2, -0.145)
material_override = SubResource("StandardMaterial3D_hm4ms")
surface_material_override/0 = SubResource("StandardMaterial3D_15itc")

[node name="Pistol" parent="AimHelper/FPWeapons" index="1" instance=ExtResource("8_wni34")]
transform = Transform3D(-1, 1.22158e-07, 8.87531e-08, 9.9476e-14, 0.587785, -0.809017, -1.50996e-07, -0.809017, -0.587785, 0.08, -0.275, -0.16)
visible = false

[node name="SMG" parent="AimHelper/FPWeapons" index="2" instance=ExtResource("5_jery0")]
transform = Transform3D(1, 0, 0, 0, 1, 0, 0, 0, 1, 0.09, -0.16, -0.135)
visible = false

[node name="Rifle" parent="AimHelper/FPWeapons" index="3" instance=ExtResource("9_kxdh1")]
transform = Transform3D(-1, 9.08716e-08, 1.20591e-07, -5.32907e-14, 0.798636, -0.601816, -1.50996e-07, -0.601816, -0.798636, 0.105, -0.4, -0.275)
visible = false
surface_material_override/0 = SubResource("StandardMaterial3D_5y7vo")

[node name="Shotgun" parent="AimHelper/FPWeapons" index="4" instance=ExtResource("10_0co2x")]
transform = Transform3D(1, 0, 0, 0, 1, 0, 0, 0, 1, 0.085, -0.175, -0.215)
visible = false
surface_material_override/0 = SubResource("StandardMaterial3D_iala0")

[node name="FPAnimator" type="AnimationPlayer" parent="AimHelper/FPWeapons" index="5"]
unique_name_in_owner = true
libraries = {
"": SubResource("AnimationLibrary_3q633")
}
autoplay = "SlapperEquip"

[node name="Camera" parent="AimHelper" index="1"]
transform = Transform3D(1, 0, 0, 0, 1, 0, 0, 0, 1, 0, 0, 0)

[node name="RemoteTransform3D" type="RemoteTransform3D" parent="AimHelper/Camera" index="0"]
remote_path = NodePath("../../../CanvasLayer/SubViewportContainer/SubViewport/FPCamera")

[node name="Skeleton3D" parent="Puppet" index="2"]
bones/1/position = Vector3(-1.16276e-09, 0.888664, -0.0641973)
bones/2/rotation = Quaternion(-0.138421, 0.000843622, 0.00282117, 0.990369)
bones/4/rotation = Quaternion(0.0876899, 0.0131962, 0.0184076, 0.99589)
bones/5/rotation = Quaternion(-0.0164247, -9.74391e-05, -0.000582095, 0.999865)
bones/7/rotation = Quaternion(-0.181186, 0.251509, -0.49411, 0.812262)
bones/8/rotation = Quaternion(0.260552, 0.0352057, -0.0507275, 0.963483)
bones/9/rotation = Quaternion(-0.0208492, -0.333763, -0.0107286, 0.942365)
bones/11/rotation = Quaternion(-0.138503, -0.0287249, 0.155032, 0.977731)
bones/14/rotation = Quaternion(0.0627913, -0.171065, -0.0830803, 0.979741)
bones/17/rotation = Quaternion(-0.311328, -0.0317851, 0.263956, 0.912355)
bones/20/rotation = Quaternion(0.183503, 0.104966, 0.517939, 0.828883)
bones/21/rotation = Quaternion(0.703877, -0.0254398, 0.137054, 0.69651)
bones/22/rotation = Quaternion(0.160078, 0.242579, -0.0543714, 0.955287)
bones/24/rotation = Quaternion(-0.139596, 0.0463107, -0.144778, 0.978472)
bones/25/rotation = Quaternion(-0.0662794, 0.009599, 0.0299426, 0.997306)
bones/27/rotation = Quaternion(0.0999586, 0.158502, 0.109983, 0.976109)
bones/28/rotation = Quaternion(0.0835005, -0.137004, -0.0600572, 0.985216)
bones/30/rotation = Quaternion(-0.534038, -0.38957, 0.595634, 0.456355)
bones/33/rotation = Quaternion(-0.582598, 0.209862, -0.179734, 0.764352)
bones/34/rotation = Quaternion(-0.104434, 0.00384557, 0.160002, 0.981569)
bones/35/rotation = Quaternion(0.27259, -0.130186, -0.639731, 0.706746)
bones/38/rotation = Quaternion(-0.521874, -0.0522851, 0.340825, 0.780226)
bones/39/rotation = Quaternion(-0.1432, -0.00378086, -0.219395, 0.965062)
bones/40/rotation = Quaternion(0.227142, 0.12769, 0.52428, 0.810699)

[node name="Body" parent="Puppet/Skeleton3D" index="0"]
cast_shadow = 3

[node name="Head" parent="Puppet/Skeleton3D" index="1"]
transform = Transform3D(-0.999995, -0.00305346, 0.000417319, -0.00307537, 0.979932, -0.199308, 0.000199635, -0.199308, -0.979937, -0.000498641, 1.5684, -0.0452204)

[node name="HeadArea" parent="Puppet/Skeleton3D/Head" index="0"]
collision_layer = 4
collision_mask = 1

[node name="Neck" parent="Puppet/Skeleton3D" index="2"]
transform = Transform3D(-0.999998, -0.00187727, 0.000303412, -0.00189654, 0.97286, -0.231386, 0.000139201, -0.231387, -0.972862, -0.000378146, 1.50596, -0.0303687)

[node name="NeckArea" parent="Puppet/Skeleton3D/Neck" index="0"]
collision_layer = 4
collision_mask = 1

[node name="Chest" parent="Puppet/Skeleton3D" index="3"]
transform = Transform3D(-0.999983, 0.00582164, -0.000890351, 0.00556272, 0.983315, 0.181824, 0.00193401, 0.181816, -0.983331, -2.06936e-09, 1.12683, -0.0868667)

[node name="ChestArea" parent="Puppet/Skeleton3D/Chest" index="0"]
collision_layer = 4
collision_mask = 1

[node name="Stomach" parent="Puppet/Skeleton3D" index="4"]
transform = Transform3D(-1, -3.78941e-09, -3.89234e-07, 3.31093e-08, 0.995501, -0.0947544, 3.87842e-07, -0.0947544, -0.995501, -1.16276e-09, 0.888664, -0.0641973)

[node name="StomachArea" parent="Puppet/Skeleton3D/Stomach" index="0"]
collision_layer = 4
collision_mask = 1

[node name="R_UpperArm" parent="Puppet/Skeleton3D" index="5"]
transform = Transform3D(0.987048, 0.156273, -0.036254, 0.141199, -0.739026, 0.658713, 0.0761464, -0.655301, -0.75152, 0.1947, 1.38911, -0.0362732)

[node name="R_UpperArmArea" parent="Puppet/Skeleton3D/R_UpperArm" index="0"]
collision_layer = 4
collision_mask = 1

[node name="R_Forearm" parent="Puppet/Skeleton3D" index="6"]
transform = Transform3D(0.964649, -0.263537, 0.000859334, 0.171519, 0.630298, 0.757169, -0.200083, -0.730255, 0.653218, 0.22731, 1.23489, -0.173016)

[node name="R_ForearmArea" parent="Puppet/Skeleton3D/R_Forearm" index="0"]
collision_layer = 4
collision_mask = 1

[node name="R_Hand" parent="Puppet/Skeleton3D" index="7"]
transform = Transform3D(0.851913, -0.0731059, 0.518556, -0.230307, 0.837008, 0.496363, -0.470322, -0.542285, 0.696221, 0.173208, 1.36429, -0.322933)

[node name="R_HandArea" parent="Puppet/Skeleton3D/R_Hand" index="0"]
collision_layer = 4
collision_mask = 1

[node name="L_UpperArm" parent="Puppet/Skeleton3D" index="8"]
transform = Transform3D(0.977778, -0.188641, 0.0914573, -0.152498, -0.93936, -0.307159, 0.143854, 0.286386, -0.947253, -0.195221, 1.38871, -0.0362425)

[node name="L_UpperArmArea" parent="Puppet/Skeleton3D/L_UpperArm" index="0"]
collision_layer = 4
collision_mask = 1

[node name="L_Forearm" parent="Puppet/Skeleton3D" index="9"]
transform = Transform3D(0.976679, -0.00294958, 0.214684, -0.0477889, -0.977809, 0.203976, 0.209319, -0.209479, -0.955146, -0.234585, 1.1927, 0.0235183)

[node name="L_ForearmArea" parent="Puppet/Skeleton3D/L_Forearm" index="0"]
collision_layer = 4
collision_mask = 1

[node name="L_Hand" parent="Puppet/Skeleton3D" index="10"]
transform = Transform3D(0.894017, 0.0234968, -0.447416, 0.0974354, -0.98492, 0.142968, -0.43731, -0.17141, -0.882824, -0.235191, 0.991957, -0.0194862)

[node name="L_HandArea" parent="Puppet/Skeleton3D/L_Hand" index="0"]
collision_layer = 4
collision_mask = 1

[node name="R_Thigh" parent="Puppet/Skeleton3D" index="11"]
transform = Transform3D(0.488205, 0.0622137, 0.870509, -0.317814, -0.916293, 0.243724, 0.812804, -0.395647, -0.427566, 0.0851499, 0.871175, -0.0593682)

[node name="R_ThighArea" parent="Puppet/Skeleton3D/R_Thigh" index="0"]
collision_layer = 4
collision_mask = 1

[node name="R_Shin" parent="Puppet/Skeleton3D" index="12"]
transform = Transform3D(0.475965, 0.0217776, 0.879194, 0.116905, -0.992388, -0.038707, 0.871659, 0.121206, -0.474888, 0.11129, 0.486185, -0.225603)

[node name="R_ShinArea" parent="Puppet/Skeleton3D/R_Shin" index="0"]
collision_layer = 4
collision_mask = 1

[node name="R_Foot" parent="Puppet/Skeleton3D" index="13"]
transform = Transform3D(0.245939, 0.0720783, 0.966602, -0.853541, -0.456466, 0.25121, 0.459327, -0.886817, -0.0507409, 0.119461, 0.113834, -0.180126)

[node name="R_FootArea" parent="Puppet/Skeleton3D/R_Foot" index="0"]
collision_layer = 4
collision_mask = 1

[node name="L_Thigh" parent="Puppet/Skeleton3D" index="14"]
transform = Transform3D(0.498279, -0.0541698, -0.865323, -0.0793369, -0.996708, 0.0167101, -0.863379, 0.0603257, -0.500936, -0.0851499, 0.871175, -0.0593682)

[node name="L_ThighArea" parent="Puppet/Skeleton3D/L_Thigh" index="0"]
collision_layer = 4
collision_mask = 1

[node name="L_Shin" parent="Puppet/Skeleton3D" index="15"]
transform = Transform3D(0.491231, -0.0307852, -0.870485, -0.388229, -0.902355, -0.187172, -0.779725, 0.429892, -0.455217, -0.10791, 0.452398, -0.0340218)

[node name="L_ShinArea" parent="Puppet/Skeleton3D/L_Shin" index="0"]
collision_layer = 4
collision_mask = 1

[node name="L_Foot" parent="Puppet/Skeleton3D" index="16"]
transform = Transform3D(0.245938, -0.0720757, -0.966602, 0.853542, -0.456465, 0.251209, -0.459326, -0.886817, -0.0507428, -0.119461, 0.113828, 0.127277)

[node name="L_FootArea" parent="Puppet/Skeleton3D/L_Foot" index="0"]
collision_layer = 4
collision_mask = 1

[node name="CanvasLayer" type="CanvasLayer" parent="." index="8"]

[node name="SubViewportContainer" type="SubViewportContainer" parent="CanvasLayer" index="0"]
anchors_preset = 15
anchor_right = 1.0
anchor_bottom = 1.0
grow_horizontal = 2
grow_vertical = 2
stretch = true

[node name="SubViewport" type="SubViewport" parent="CanvasLayer/SubViewportContainer" index="0"]
transparent_bg = true
handle_input_locally = false
size = Vector2i(1920, 1080)
render_target_update_mode = 4

[node name="FPCamera" type="Camera3D" parent="CanvasLayer/SubViewportContainer/SubViewport" index="0"]
transform = Transform3D(1, 0, 0, 0, 1, 0, 0, 0, 1, 0, 1.65, 0)
cull_mask = 8
current = true

[node name="UI" type="Control" parent="CanvasLayer" index="1"]
process_mode = 3
layout_mode = 3
anchors_preset = 8
anchor_left = 0.5
anchor_top = 0.5
anchor_right = 0.5
anchor_bottom = 0.5
grow_horizontal = 2
grow_vertical = 2
pivot_offset = Vector2(960, 540)
script = ExtResource("7_bolck")

[node name="Crosshair" type="Sprite2D" parent="CanvasLayer/UI" index="0"]
scale = Vector2(1.2, 1.2)
texture = ExtResource("11_ky6qt")

[node name="Health" type="BoxContainer" parent="CanvasLayer/UI" index="1"]
layout_mode = 1
offset_left = -881.0
offset_top = -472.0
offset_right = -752.0
offset_bottom = -270.0
vertical = true

[node name="Health" type="Label" parent="CanvasLayer/UI/Health" index="0"]
unique_name_in_owner = true
layout_mode = 2
text = "100"
label_settings = SubResource("LabelSettings_byxgu")
vertical_alignment = 1

[node name="Armor" type="Label" parent="CanvasLayer/UI/Health" index="1"]
unique_name_in_owner = true
layout_mode = 2
text = "0
"
label_settings = SubResource("LabelSettings_tg22j")

[node name="Weapon" type="VBoxContainer" parent="CanvasLayer/UI" index="2"]
layout_mode = 0
offset_left = 724.0
offset_top = 331.0
offset_right = 821.0
offset_bottom = 469.0

[node name="AmmoInMag" type="Label" parent="CanvasLayer/UI/Weapon" index="0"]
unique_name_in_owner = true
layout_mode = 2
text = "0 / 0"
label_settings = SubResource("LabelSettings_6sj48")
horizontal_alignment = 2
vertical_alignment = 1

[node name="ExtraAmmo" type="Label" parent="CanvasLayer/UI/Weapon" index="1"]
unique_name_in_owner = true
layout_mode = 2
text = "0"
label_settings = SubResource("LabelSettings_j2l27")
horizontal_alignment = 2
vertical_alignment = 1

[node name="DMG_Left" type="Sprite2D" parent="CanvasLayer/UI" index="3"]
modulate = Color(1, 1, 1, 0)
position = Vector2(-1397, -107)
rotation = -3.14159
scale = Vector2(1.38477, 1.38477)
texture = ExtResource("10_4i56j")

[node name="DMG_Right" type="Sprite2D" parent="CanvasLayer/UI" index="4"]
modulate = Color(1, 1, 1, 0)
position = Vector2(1413, 61)
scale = Vector2(1.38477, 1.38477)
texture = ExtResource("10_4i56j")

[node name="DMG_Up" type="Sprite2D" parent="CanvasLayer/UI" index="5"]
modulate = Color(1, 1, 1, 0)
position = Vector2(164, -1046)
rotation = -1.57079
scale = Vector2(1.38477, 2.15647)
texture = ExtResource("10_4i56j")

[node name="DMG_Down" type="Sprite2D" parent="CanvasLayer/UI" index="6"]
modulate = Color(1, 1, 1, 0)
position = Vector2(-142, 1034)
rotation = -4.71238
scale = Vector2(1.38477, 2.15647)
texture = ExtResource("10_4i56j")

[connection signal="finished_reloading" from="Weapons/Pistol" to="." method="update_UI"]
[connection signal="finished_reloading" from="Weapons/SMG" to="." method="update_UI"]
[connection signal="finished_reloading" from="Weapons/Rifle" to="." method="update_UI"]
[connection signal="finished_reloading" from="Weapons/Shotgun" to="." method="update_UI"]

[editable path="Weapons/Pistol"]
[editable path="Weapons/Pistol/Mesh"]
[editable path="Weapons/SMG"]
[editable path="Weapons/SMG/Mesh"]
[editable path="Weapons/Rifle"]
[editable path="Weapons/Shotgun"]
[editable path="Puppet"]
