[gd_scene load_steps=9 format=3 uid="uid://bvtob15rpepds"]

[ext_resource type="PackedScene" uid="uid://1s5qidco641t" path="res://Characters/CharacterBase.tscn" id="1_l1vxh"]
[ext_resource type="Script" path="res://Characters/Player.gd" id="2_pimkv"]
[ext_resource type="Script" path="res://Characters/Pause.gd" id="3_dkci2"]
[ext_resource type="Texture2D" uid="uid://dwg7182f40h5u" path="res://Characters/CrossHair.png" id="4_vym86"]

[sub_resource type="CapsuleShape3D" id="CapsuleShape3D_hykio"]
radius = 0.25
height = 1.75

[sub_resource type="LabelSettings" id="LabelSettings_lhp81"]
font_size = 76
font_color = Color(0.862745, 0.0980392, 0.0862745, 1)

[sub_resource type="LabelSettings" id="LabelSettings_kxml2"]
font_size = 68
font_color = Color(0.254902, 0, 1, 1)

[sub_resource type="LabelSettings" id="LabelSettings_ue0id"]
font_size = 48

[node name="Player" instance=ExtResource("1_l1vxh")]
script = ExtResource("2_pimkv")

[node name="Collision" parent="." index="0"]
shape = SubResource("CapsuleShape3D_hykio")

[node name="AimHelper" parent="." index="1"]
transform = Transform3D(1, 0, 0, 0, 1, 0, 0, 0, 1, 0, 1.6, 0)

[node name="ShootCast" parent="AimHelper" index="0"]
collision_mask = 9

[node name="MainCamera" type="Camera3D" parent="AimHelper" index="1"]
transform = Transform3D(1, 0, 0, 0, 1, 0, 0, 0, 1, 0, 0, -0.105338)
cull_mask = 1048573

[node name="RemoteTransform3D" type="RemoteTransform3D" parent="AimHelper/MainCamera" index="0"]
remote_path = NodePath("../../../CanvasLayer/SubViewportContainer/SubViewport/GunCamera")

[node name="Skeleton3D" parent="PuppetAnimations/Character" index="0"]
bones/1/position = Vector3(-7.8049e-10, 0.879454, -0.0641973)
bones/1/rotation = Quaternion(7.33823e-09, 0.998875, -0.0474306, -1.94488e-07)
bones/2/rotation = Quaternion(-0.122113, 0.00043826, 0.0033904, 0.99251)
bones/4/rotation = Quaternion(0.103945, 0.0136187, 0.0184384, 0.994319)
bones/5/rotation = Quaternion(0.0153796, 0.00123804, -0.0023967, 0.999878)
bones/7/rotation = Quaternion(0.649521, -0.174898, -0.547744, 0.497503)
bones/8/rotation = Quaternion(0.177097, 0.0359013, -0.0344832, 0.982934)
bones/10/rotation = Quaternion(0.491764, 0.212745, 0.602081, 0.591951)
bones/11/rotation = Quaternion(0.441932, -0.0325916, 0.0860498, 0.892317)
bones/12/position = Vector3(-0.020541, 0.306847, 0.339859)
bones/12/rotation = Quaternion(-0.420903, -0.17798, -0.539718, 0.707013)
bones/15/rotation = Quaternion(-0.136752, -0.0311937, 0.100512, 0.984999)
bones/16/rotation = Quaternion(-0.352684, -0.0473181, -0.50171, 0.788455)
bones/21/rotation = Quaternion(0.00413222, -0.168782, -0.154747, 0.973421)
bones/22/rotation = Quaternion(-0.394365, 0.0948889, -0.480339, 0.777654)
bones/26/rotation = Quaternion(-0.368907, -0.0234359, 0.416803, 0.830442)
bones/27/rotation = Quaternion(-0.105765, -0.0530162, -0.0569686, 0.991341)
bones/28/rotation = Quaternion(0.508089, 0.314601, -0.139726, 0.789524)
bones/29/rotation = Quaternion(0.445516, 0.226296, -0.189831, 0.845145)
bones/30/position = Vector3(-0.0489577, 0.317558, 0.33454)
bones/30/rotation = Quaternion(-0.42215, 0.0391671, 0.481032, 0.767374)
bones/33/rotation = Quaternion(-0.244851, 0.183849, 0.0430019, 0.950999)
bones/34/rotation = Quaternion(-0.38701, -0.00258394, 0.473995, 0.790914)
bones/39/rotation = Quaternion(-0.0280183, 0.194239, 0.268623, 0.943042)
bones/40/rotation = Quaternion(-0.46123, -0.0717649, 0.471175, 0.748405)
bones/44/rotation = Quaternion(-0.240005, -0.529209, 0.632703, 0.511881)
bones/45/rotation = Quaternion(-0.209561, -0.246504, 0.40331, 0.855956)
bones/46/rotation = Quaternion(-0.195335, -0.588934, 0.784044, -0.0166107)
bones/47/rotation = Quaternion(0.119465, 0.414482, -0.739675, 0.51654)
bones/49/rotation = Quaternion(-0.546884, 0.299403, -0.279306, 0.730249)
bones/50/rotation = Quaternion(-0.13285, 0.00380019, 0.203537, 0.970005)
bones/52/rotation = Quaternion(-0.511489, -0.131, 0.442047, 0.725129)
bones/53/rotation = Quaternion(-0.155392, -0.00375607, -0.238074, 0.958728)
bones/54/rotation = Quaternion(0.64937, -0.347814, -0.514224, 0.439225)
bones/56/rotation = Quaternion(0.00495412, -0.00577784, -0.163837, 0.986458)
bones/60/position = Vector3(-0.324582, 0.962178, -0.428659)
bones/60/rotation = Quaternion(0.565929, -0.423939, -0.423939, 0.565929)
bones/61/rotation = Quaternion(0.64937, 0.347814, 0.514224, 0.439225)
bones/63/rotation = Quaternion(0.00495412, 0.00577784, 0.163837, 0.986458)
bones/67/position = Vector3(0.177047, 0.971755, -0.536806)
bones/67/rotation = Quaternion(0.565929, 0.423939, 0.423939, 0.565929)

[node name="Body" parent="PuppetAnimations/Character/Skeleton3D" index="0"]
cast_shadow = 3

[node name="Head" parent="PuppetAnimations/Character/Skeleton3D" index="1"]
transform = Transform3D(-0.999986, -0.00493302, -0.00200863, -0.00401653, 0.946086, -0.323889, 0.00349808, -0.323876, -0.946093, 1.48979e-05, 1.55974, -0.0617817)

[node name="HeadArea" parent="PuppetAnimations/Character/Skeleton3D/Head" index="0"]
collision_layer = 4

[node name="Neck" parent="PuppetAnimations/Character/Skeleton3D" index="2"]
transform = Transform3D(-1, -0.000114177, 0.000390092, -0.00022403, 0.95561, -0.294633, -0.000339139, -0.294633, -0.95561, 2.22265e-05, 1.4984, -0.0428704)

[node name="NeckArea" parent="PuppetAnimations/Character/Skeleton3D/Neck" index="0"]
collision_layer = 4

[node name="Chest" parent="PuppetAnimations/Character/Skeleton3D" index="3"]
transform = Transform3D(-0.999977, 0.00683714, -4.23099e-05, 0.0067541, 0.988756, 0.14938, 0.00106317, 0.149377, -0.98878, -1.68709e-09, 1.11762, -0.0868667)

[node name="ChestArea" parent="PuppetAnimations/Character/Skeleton3D/Chest" index="0"]
collision_layer = 4

[node name="Stomach" parent="PuppetAnimations/Character/Skeleton3D" index="4"]
transform = Transform3D(-1, -3.78941e-09, -3.89234e-07, 3.31093e-08, 0.9955, -0.0947544, 3.87842e-07, -0.0947544, -0.995501, -7.8049e-10, 0.879454, -0.0641973)

[node name="StomachArea" parent="PuppetAnimations/Character/Skeleton3D/Stomach" index="0"]
collision_layer = 4

[node name="L_UpperArm" parent="PuppetAnimations/Character/Skeleton3D" index="5"]
transform = Transform3D(0.86227, 0.477814, 0.167881, -0.224054, 0.0626203, 0.972562, 0.454191, -0.876226, 0.161052, -0.194952, 1.38125, -0.0450182)

[node name="L_UpperArmArea" parent="PuppetAnimations/Character/Skeleton3D/L_UpperArm" index="0"]
collision_layer = 4

[node name="L_Forearm" parent="PuppetAnimations/Character/Skeleton3D" index="6"]
transform = Transform3D(0.817783, 0.574155, 0.0397089, -0.306912, 0.376695, 0.874016, 0.486863, -0.726943, 0.484271, -0.0952457, 1.39432, -0.227862)

[node name="L_ForearmArea" parent="PuppetAnimations/Character/Skeleton3D/L_Forearm" index="0"]
collision_layer = 4

[node name="L_Hand" parent="PuppetAnimations/Character/Skeleton3D" index="7"]
transform = Transform3D(-0.35827, -0.912531, -0.197307, -0.498601, 0.00833884, 0.866791, -0.789329, 0.408923, -0.457976, 0.022624, 1.47165, -0.377098)

[node name="L_HandArea" parent="PuppetAnimations/Character/Skeleton3D/L_Hand" index="0"]
collision_layer = 4

[node name="R_UpperArm" parent="PuppetAnimations/Character/Skeleton3D" index="8"]
transform = Transform3D(0.950735, -0.307238, -0.0413287, -0.0145484, -0.177389, 0.984033, -0.309663, -0.934953, -0.173119, 0.19497, 1.3812, -0.0447941)

[node name="R_UpperArmArea" parent="PuppetAnimations/Character/Skeleton3D/R_UpperArm" index="0"]
collision_layer = 4

[node name="R_Forearm" parent="PuppetAnimations/Character/Skeleton3D" index="9"]
transform = Transform3D(0.890757, -0.388432, 0.235951, 0.095644, 0.667754, 0.738211, -0.444302, -0.635, 0.631958, 0.130858, 1.34418, -0.239893)

[node name="R_ForearmArea" parent="PuppetAnimations/Character/Skeleton3D/R_Forearm" index="0"]
collision_layer = 4

[node name="R_Hand" parent="PuppetAnimations/Character/Skeleton3D" index="10"]
transform = Transform3D(-0.529294, 0.772576, 0.350676, 0.631225, 0.0823987, 0.77121, 0.566923, 0.629552, -0.531283, 0.0511136, 1.48125, -0.37027)

[node name="R_HandArea" parent="PuppetAnimations/Character/Skeleton3D/R_Hand" index="0"]
collision_layer = 4

[node name="L_Thigh" parent="PuppetAnimations/Character/Skeleton3D" index="11"]
transform = Transform3D(0.720813, -0.0456062, -0.691628, -0.0396553, -0.998911, 0.0245397, -0.691994, 0.00973801, -0.721837, -0.0851499, 0.861964, -0.0593682)

[node name="L_ThighArea" parent="PuppetAnimations/Character/Skeleton3D/L_Thigh" index="0"]
collision_layer = 4

[node name="L_Shin" parent="PuppetAnimations/Character/Skeleton3D" index="12"]
transform = Transform3D(0.685609, -0.148385, -0.712686, -0.431302, -0.871475, -0.23347, -0.586445, 0.467452, -0.661491, -0.104312, 0.442261, -0.0552767)

[node name="L_ShinArea" parent="PuppetAnimations/Character/Skeleton3D/L_Shin" index="0"]
collision_layer = 4

[node name="L_Foot" parent="PuppetAnimations/Character/Skeleton3D" index="13"]
transform = Transform3D(0.245937, -0.0720779, -0.966602, 0.853542, -0.456465, 0.251209, -0.459327, -0.886817, -0.0507405, -0.11946, 0.113842, 0.126346)

[node name="L_FootArea" parent="PuppetAnimations/Character/Skeleton3D/L_Foot" index="0"]
collision_layer = 4

[node name="R_Thigh" parent="PuppetAnimations/Character/Skeleton3D" index="14"]
transform = Transform3D(0.682353, -0.0722211, 0.727446, -0.36066, -0.898827, 0.249067, 0.635861, -0.432312, -0.639365, 0.0851499, 0.861964, -0.0593682)

[node name="R_ThighArea" parent="PuppetAnimations/Character/Skeleton3D/R_Thigh" index="0"]
collision_layer = 4

[node name="R_Shin" parent="PuppetAnimations/Character/Skeleton3D" index="15"]
transform = Transform3D(0.69693, 0.0362953, 0.71622, 0.109718, -0.992356, -0.0564748, 0.708696, 0.117942, -0.695586, 0.0548054, 0.484313, -0.241009)

[node name="R_ShinArea" parent="PuppetAnimations/Character/Skeleton3D/R_Shin" index="0"]
collision_layer = 4

[node name="R_Foot" parent="PuppetAnimations/Character/Skeleton3D" index="16"]
transform = Transform3D(0.245937, 0.0720779, 0.966602, -0.853542, -0.456465, 0.251209, 0.459327, -0.886817, -0.0507405, 0.11946, 0.113841, -0.203503)

[node name="R_FootArea" parent="PuppetAnimations/Character/Skeleton3D/R_Foot" index="0"]
collision_layer = 4

[node name="AnimationTree" parent="PuppetAnimations" index="2"]
parameters/Idle/IdleUpper_Blend/blend_position = Vector2(1, 1)
parameters/Run/RunUpper_Blend/blend_position = Vector2(1, 1)

[node name="CanvasLayer" type="CanvasLayer" parent="." index="3"]
layer = 2

[node name="SubViewportContainer" type="SubViewportContainer" parent="CanvasLayer" index="0"]
anchors_preset = 15
anchor_right = 1.0
anchor_bottom = 1.0
grow_horizontal = 2
grow_vertical = 2
size_flags_horizontal = 3
size_flags_vertical = 3
stretch = true

[node name="SubViewport" type="SubViewport" parent="CanvasLayer/SubViewportContainer" index="0"]
transparent_bg = true
handle_input_locally = false
gui_disable_input = true
positional_shadow_atlas_size = 4096
size = Vector2i(1920, 1080)
render_target_update_mode = 4

[node name="GunCamera" type="Camera3D" parent="CanvasLayer/SubViewportContainer/SubViewport" index="0"]
transform = Transform3D(1, 0, 0, 0, 1, 0, 0, 0, 1, 0, 1.6, -0.105338)
cull_mask = 14
fov = 74.96
near = 0.01

[node name="UI" type="Control" parent="CanvasLayer" index="1"]
layout_mode = 3
anchors_preset = 15
anchor_right = 1.0
anchor_bottom = 1.0
offset_left = 960.0
offset_top = 540.0
offset_right = -960.0
offset_bottom = -540.0
grow_horizontal = 2
grow_vertical = 2
size_flags_horizontal = 4

[node name="Crosshairs" type="Sprite2D" parent="CanvasLayer/UI" index="0"]
scale = Vector2(0.5, 0.5)
texture = ExtResource("4_vym86")

[node name="Health" type="BoxContainer" parent="CanvasLayer/UI" index="1"]
layout_mode = 0
offset_left = -852.0
offset_top = -481.0
offset_right = -686.0
offset_bottom = -273.0
theme_override_constants/separation = -20
vertical = true

[node name="Health" type="Label" parent="CanvasLayer/UI/Health" index="0"]
unique_name_in_owner = true
layout_mode = 2
text = "100"
label_settings = SubResource("LabelSettings_lhp81")
vertical_alignment = 1

[node name="Armor" type="Label" parent="CanvasLayer/UI/Health" index="1"]
unique_name_in_owner = true
layout_mode = 2
text = "0"
label_settings = SubResource("LabelSettings_kxml2")

[node name="Weapon" type="VBoxContainer" parent="CanvasLayer/UI" index="2"]
layout_mode = 0
offset_left = 610.0
offset_top = 340.0
offset_right = 905.0
offset_bottom = 484.0
alignment = 2

[node name="AmmoInMag" type="Label" parent="CanvasLayer/UI/Weapon" index="0"]
unique_name_in_owner = true
layout_mode = 2
size_flags_horizontal = 8
size_flags_vertical = 6
text = "0 / 0"
label_settings = SubResource("LabelSettings_ue0id")
horizontal_alignment = 2
vertical_alignment = 1

[node name="ExtraAmmo" type="Label" parent="CanvasLayer/UI/Weapon" index="1"]
unique_name_in_owner = true
layout_mode = 2
text = "0"
label_settings = SubResource("LabelSettings_ue0id")
horizontal_alignment = 2
vertical_alignment = 1

[node name="Pause" type="Node" parent="." index="7"]
process_mode = 3
script = ExtResource("3_dkci2")

[editable path="PuppetAnimations"]
