[gd_scene load_steps=7 format=3 uid="uid://bb1otskk4hdc6"]

[ext_resource type="PackedScene" uid="uid://65jhlh1xbkow" path="res://Characters/CharacterBase.tscn" id="1_chbam"]
[ext_resource type="Script" path="res://Characters/Player.gd" id="2_y7402"]
[ext_resource type="PackedScene" uid="uid://cm6pnkpd4ohs5" path="res://Characters/FirstPerson.tscn" id="3_qdhym"]
[ext_resource type="PackedScene" uid="uid://by7wwhoru7x60" path="res://Props/Weapons/Pistol/FPPistol.tscn" id="4_34lwb"]
[ext_resource type="PackedScene" uid="uid://kwpmppcj56nl" path="res://Props/Weapons/SMG/FPSMG.tscn" id="5_6dxl1"]
[ext_resource type="PackedScene" uid="uid://btj7bcwc5cjwk" path="res://Props/Weapons/Rifle/FPRifle.tscn" id="6_1205m"]

[node name="Player" instance=ExtResource("1_chbam")]
script = ExtResource("2_y7402")

[node name="Skeleton3D" parent="Mannequin/Mannequin" index="0"]
bones/0/position = Vector3(-5.98794e-06, 0.961384, 7.56459e-06)
bones/0/rotation = Quaternion(-8.68664e-05, -2.73902e-16, 3.54008e-15, 1)
bones/1/rotation = Quaternion(0, 0, 0, 1)
bones/2/rotation = Quaternion(0, 0, 0, 1)
bones/3/rotation = Quaternion(0, 0, 0, 1)
bones/4/rotation = Quaternion(0, 0, -7.27596e-12, 1)
bones/5/rotation = Quaternion(-3.55271e-15, 8.52653e-14, 0, 1)
bones/6/rotation = Quaternion(0, 0, 0, 1)
bones/8/rotation = Quaternion(3.63016e-08, 0.764342, 0.644811, -8.36621e-09)
bones/9/rotation = Quaternion(0.220233, -0.671936, 0.220233, 0.671936)
bones/10/rotation = Quaternion(-0.0942288, 0.7008, 0.0942288, 0.7008)
bones/11/rotation = Quaternion(-0.214187, 0.673887, 0.214187, 0.673887)
bones/11/scale = Vector3(1, 0.999392, 0.999392)
bones/12/rotation = Quaternion(-1.49011e-08, 0, 0, 1)
bones/13/rotation = Quaternion(0, 0, 0, 1)
bones/14/rotation = Quaternion(0, 0, 0, 1)
bones/17/rotation = Quaternion(0, 0, 0, 1)
bones/18/rotation = Quaternion(0, 0, 0, 1)
bones/21/rotation = Quaternion(0, 0, 0, 1)
bones/22/rotation = Quaternion(0, 0, 0, 1)
bones/26/rotation = Quaternion(0, 0, 0, 1)
bones/27/rotation = Quaternion(0, 0, 0, 1)
bones/28/rotation = Quaternion(0, 0, 0, 1)
bones/30/rotation = Quaternion(0, 0, 0, 1)
bones/33/rotation = Quaternion(0.204459, 0.676902, -0.204459, 0.676902)
bones/34/rotation = Quaternion(-0.117357, -0.6973, -0.117357, 0.6973)
bones/35/rotation = Quaternion(-0.214187, -0.673887, -0.214187, 0.673887)
bones/35/scale = Vector3(1, 0.999392, 0.999392)
bones/36/rotation = Quaternion(-1.49011e-08, 0, 0, 1)
bones/37/rotation = Quaternion(0, 0, 0, 1)
bones/38/rotation = Quaternion(0, 0, 0, 1)
bones/42/rotation = Quaternion(0, 0, 0, 1)
bones/44/rotation = Quaternion(0, 0, 0, 1)
bones/46/rotation = Quaternion(0, 0, 0, 1)
bones/49/rotation = Quaternion(0, 0, 0, 1)
bones/50/rotation = Quaternion(0, 0, 0, 1)
bones/52/rotation = Quaternion(0, 0, 0, 1)
bones/54/rotation = Quaternion(0, 0, 0, 1)
bones/55/rotation = Quaternion(0.0156136, -0.200477, 0.979132, 0.0294308)
bones/56/rotation = Quaternion(0.000636748, 0.978837, 0.203737, -0.0191879)
bones/57/rotation = Quaternion(0.05864, 0.691016, -0.717825, 0.0615235)
bones/58/rotation = Quaternion(-0.00623254, 0.985972, -0.164248, -0.0290247)
bones/59/rotation = Quaternion(0, 0, 0, 1)
bones/60/rotation = Quaternion(0.00460889, 0.0583478, 0.997921, -0.0269847)
bones/61/rotation = Quaternion(0.000584971, 0.993532, 0.112553, -0.0150271)
bones/62/rotation = Quaternion(-0.0755789, 0.794532, -0.600001, -0.054816)
bones/63/rotation = Quaternion(0.0102066, 0.992903, -0.117421, 0.0158731)
bones/64/rotation = Quaternion(0, 0, 0, 1)

[node name="Joints" parent="Mannequin/Mannequin/Skeleton3D" index="0"]
cast_shadow = 3

[node name="Surface" parent="Mannequin/Mannequin/Skeleton3D" index="1"]
cast_shadow = 3

[node name="Head" parent="Mannequin/Mannequin/Skeleton3D" index="2"]
transform = Transform3D(1, 1.45448e-11, 1.69982e-13, -1.45449e-11, 1, 0.000173733, -1.67455e-13, -0.000173733, 1, 3.84989e-05, 1.56422, 0.00331091)

[node name="HeadArea" parent="Mannequin/Mannequin/Skeleton3D/Head" index="0"]
collision_layer = 4

[node name="Neck" parent="Mannequin/Mannequin/Skeleton3D" index="3"]
transform = Transform3D(1, 1.45448e-11, -5.48419e-16, -1.45448e-11, 1, 0.000173733, 3.07534e-15, -0.000173733, 1, 2.94718e-05, 1.46101, 0.0347531)

[node name="NeckArea" parent="Mannequin/Mannequin/Skeleton3D/Neck" index="0"]
collision_layer = 4

[node name="R_UpperArm" parent="Mannequin/Mannequin/Skeleton3D" index="4"]
transform = Transform3D(-1.49021e-08, -0.264126, -0.964488, 0.000173733, 0.964488, -0.264126, 1, -0.000167567, 4.58731e-05, 0.187632, 1.39911, 0.0616462)

[node name="UpperArmArea" parent="Mannequin/Mannequin/Skeleton3D/R_UpperArm" index="0"]
collision_layer = 4

[node name="R_Forearm" parent="Mannequin/Mannequin/Skeleton3D" index="5"]
transform = Transform3D(0.964488, -0.219961, 0.146219, 0.264126, 0.803308, -0.533791, -4.58731e-05, 0.553455, 0.832879, 0.259992, 1.13479, 0.061692)

[node name="ForearmArea" parent="Mannequin/Mannequin/Skeleton3D/R_Forearm" index="0"]
collision_layer = 4

[node name="R_Hand" parent="Mannequin/Mannequin/Skeleton3D" index="6"]
transform = Transform3D(0.146219, 0.107865, -0.983354, -0.533791, 0.845511, 0.0133733, 0.832879, 0.52295, 0.181207, 0.32071, 0.912958, -0.0911422)

[node name="HandArea" parent="Mannequin/Mannequin/Skeleton3D/R_Hand" index="0"]
collision_layer = 4

[node name="Mesh" parent="Mannequin/Mannequin/Skeleton3D/R_Hand/Weapons/Pistol" index="0"]
cast_shadow = 3

[node name="Mesh" parent="Mannequin/Mannequin/Skeleton3D/R_Hand/Weapons/SMG" index="0"]
cast_shadow = 3

[node name="Mesh" parent="Mannequin/Mannequin/Skeleton3D/R_Hand/Weapons/Rifle" index="0"]
cast_shadow = 3

[node name="Mesh" parent="Mannequin/Mannequin/Skeleton3D/R_Hand/Weapons/Shotgun" index="0"]
cast_shadow = 3

[node name="Mesh" parent="Mannequin/Mannequin/Skeleton3D/R_Hand/Weapons/Sniper" index="0"]
cast_shadow = 3

[node name="L_UpperArm" parent="Mannequin/Mannequin/Skeleton3D" index="7"]
transform = Transform3D(4.47044e-08, 0.168438, 0.985712, -0.000173673, 0.985712, -0.168437, -1, -0.000171184, 2.92972e-05, -0.187585, 1.39915, 0.0616468)

[node name="UpperArmArea" parent="Mannequin/Mannequin/Skeleton3D/L_UpperArm" index="0"]
collision_layer = 4

[node name="L_Forearm" parent="Mannequin/Mannequin/Skeleton3D" index="8"]
transform = Transform3D(0.985712, 0.135759, -0.0997033, -0.168437, 0.794577, -0.583332, 2.92972e-05, 0.591791, 0.806091, -0.233769, 1.12902, 0.0616937)

[node name="ForearmArea" parent="Mannequin/Mannequin/Skeleton3D/L_Forearm" index="0"]
collision_layer = 4

[node name="L_Hand" parent="Mannequin/Mannequin/Skeleton3D" index="9"]
transform = Transform3D(0.0997033, -0.129431, 0.986563, 0.583332, 0.810848, 0.0474262, -0.806091, 0.570765, 0.156345, -0.271282, 0.909606, -0.101727)

[node name="HandArea" parent="Mannequin/Mannequin/Skeleton3D/L_Hand" index="0"]
collision_layer = 4

[node name="Chest" parent="Mannequin/Mannequin/Skeleton3D" index="10"]
transform = Transform3D(1, -7.08011e-15, -5.48419e-16, 7.0802e-15, 1, 0.000173733, 5.47189e-16, -0.000173733, 1, 1.65294e-05, 1.31068, 0.0427083)

[node name="ChestArea" parent="Mannequin/Mannequin/Skeleton3D/Chest" index="0"]
collision_layer = 4

[node name="Stomach" parent="Mannequin/Mannequin/Skeleton3D" index="11"]
transform = Transform3D(1, -7.08011e-15, -5.48419e-16, 7.0802e-15, 1, 0.000173733, 5.47189e-16, -0.000173733, 1, 5.7091e-06, 1.17708, 0.0264669)

[node name="StomachArea" parent="Mannequin/Mannequin/Skeleton3D/Stomach" index="0"]
collision_layer = 4

[node name="Hips" parent="Mannequin/Mannequin/Skeleton3D" index="12"]
transform = Transform3D(1, -7.08011e-15, -5.48419e-16, 7.0802e-15, 1, 0.000173733, 5.47189e-16, -0.000173733, 1, -5.98794e-06, 0.961384, 7.56459e-06)

[node name="HipsArea" parent="Mannequin/Mannequin/Skeleton3D/Hips" index="0"]
collision_layer = 4

[node name="R_Thigh" parent="Mannequin/Mannequin/Skeleton3D" index="13"]
transform = Transform3D(-0.998501, 0.0543951, 0.00604961, -0.0533173, -0.991714, 0.116874, 0.0123569, 0.116377, 0.993128, 0.0912385, 0.894821, 0.000572921)

[node name="ThighArea" parent="Mannequin/Mannequin/Skeleton3D/R_Thigh" index="0"]
collision_layer = 4

[node name="R_Shin" parent="Mannequin/Mannequin/Skeleton3D" index="14"]
transform = Transform3D(0.99811, 0.0498315, 0.0359564, 0.0590003, -0.940693, -0.33409, 0.0171756, 0.33558, -0.941855, 0.115795, 0.492961, 0.0528939)

[node name="ShinArea" parent="Mannequin/Mannequin/Skeleton3D/R_Shin" index="0"]
collision_layer = 4

[node name="R_Foot" parent="Mannequin/Mannequin/Skeleton3D" index="15"]
transform = Transform3D(-0.977023, -0.206129, -0.054194, -0.0662745, 0.0521557, 0.996437, -0.202568, 0.977134, -0.0646184, 0.133565, 0.104159, 0.213364)

[node name="FootArea" parent="Mannequin/Mannequin/Skeleton3D/R_Foot" index="0"]
collision_layer = 4

[node name="L_Thigh" parent="Mannequin/Mannequin/Skeleton3D" index="16"]
transform = Transform3D(-0.99778, -0.0638935, 0.0187751, 0.0513803, -0.917954, -0.393345, 0.0423669, -0.391507, 0.919199, -0.0912506, 0.894821, 0.000572889)

[node name="ThighArea" parent="Mannequin/Mannequin/Skeleton3D/L_Thigh" index="0"]
collision_layer = 4

[node name="L_Shin" parent="Mannequin/Mannequin/Skeleton3D" index="17"]
transform = Transform3D(0.998175, -0.0601462, -0.00546676, -0.0601871, -0.998158, -0.00766537, -0.00499565, 0.00798038, -0.999956, -0.119533, 0.520271, -0.153518)

[node name="ShinArea" parent="Mannequin/Mannequin/Skeleton3D/L_Shin" index="0"]
collision_layer = 4

[node name="L_Foot" parent="Mannequin/Mannequin/Skeleton3D" index="18"]
transform = Transform3D(-0.98239, 0.176694, 0.0607337, 0.0678851, 0.0347086, 0.997089, 0.174072, 0.983654, -0.0460922, -0.142268, 0.100577, -0.129584)

[node name="FootArea" parent="Mannequin/Mannequin/Skeleton3D/L_Foot" index="0"]
collision_layer = 4

[node name="Camera" parent="AimHelper" index="0"]
transform = Transform3D(1, 0, 0, 0, 1, 0, 0, 0, 1, 0, 0, 0)

[node name="RemoteTransform3D" type="RemoteTransform3D" parent="AimHelper/Camera" index="0"]
remote_path = NodePath("../../FPView/FPCanvas/SubViewportContainer/SubViewport/FPCamera")
update_scale = false

[node name="ShootCast" parent="AimHelper" index="1"]
visible = true

[node name="FPView" parent="AimHelper" index="2" instance=ExtResource("3_qdhym")]
transform = Transform3D(1, 0, 0, 0, 1, 0, 0, 0, 1, 0, -0.22, 0)

[node name="FPCanvas" type="CanvasLayer" parent="AimHelper/FPView" index="0"]

[node name="SubViewportContainer" type="SubViewportContainer" parent="AimHelper/FPView/FPCanvas" index="0"]
anchors_preset = 15
anchor_right = 1.0
anchor_bottom = 1.0
grow_horizontal = 2
grow_vertical = 2
stretch = true
metadata/_edit_use_anchors_ = true

[node name="SubViewport" type="SubViewport" parent="AimHelper/FPView/FPCanvas/SubViewportContainer" index="0"]
transparent_bg = true
handle_input_locally = false
size = Vector2i(1920, 1080)
render_target_update_mode = 4

[node name="FPCamera" type="Camera3D" parent="AimHelper/FPView/FPCanvas/SubViewportContainer/SubViewport" index="0"]
transform = Transform3D(1, 0, 0, 0, 1, 0, 0, 0, 1, 0, 1.65, 0)
top_level = true
cull_mask = 8
current = true

[node name="Skeleton3D" parent="AimHelper/FPView/Mannequin" index="0"]
bones/0/rotation = Quaternion(0.00256392, 0.999291, 0.0375497, 0.000752901)
bones/1/rotation = Quaternion(-0.522094, -0.517621, 0.528998, -0.423849)
bones/1/scale = Vector3(1, 1, 1)
bones/2/rotation = Quaternion(0.522296, -0.350341, 0.368247, 0.684735)
bones/3/position = Vector3(0.133162, 27.2574, 0.139394)
bones/3/rotation = Quaternion(0.605459, -0.630639, -0.362353, 0.323133)
bones/4/rotation = Quaternion(-0.344646, 0.787449, 0.362251, 0.360441)
bones/5/rotation = Quaternion(-0.0748246, 0.123697, 0.35159, 0.924924)
bones/5/scale = Vector3(1, 1, 1)
bones/6/position = Vector3(7.56418e-06, 4.74498, 1.58325e-05)
bones/6/rotation = Quaternion(0.0323532, -0.132658, -0.489793, 0.86108)
bones/7/position = Vector3(4.14997e-06, 4.38212, -1.49875e-05)
bones/7/rotation = Quaternion(-0.0884136, -0.363845, -0.0627379, 0.925129)
bones/8/rotation = Quaternion(0.00914619, 0.125638, 0.0720726, 0.989412)
bones/9/position = Vector3(-2.72451, 12.4167, 0.924974)
bones/9/rotation = Quaternion(0.220151, 0.0542594, -0.0971492, 0.969098)
bones/10/rotation = Quaternion(0.404375, -0.0352472, -0.0943242, 0.909033)
bones/11/position = Vector3(-1.04934e-06, 3.41516, 4.30046e-06)
bones/11/rotation = Quaternion(0.198663, 0.019591, -0.0464424, 0.978771)
bones/12/position = Vector3(-2.22919e-06, 3.078, 1.57088e-06)
bones/13/position = Vector3(-0.0900558, 12.5443, -0.223907)
bones/13/rotation = Quaternion(0.243918, 0.140668, 0.0789413, 0.956287)
bones/14/rotation = Quaternion(0.416447, -0.0478983, -0.0868807, 0.903731)
bones/15/position = Vector3(0.0214803, 3.57819, 0.298668)
bones/15/rotation = Quaternion(0.185156, -0.0564563, 0.015744, 0.98096)
bones/16/rotation = Quaternion(-1.15074e-06, 0.00457943, -0.000654139, 0.999989)
bones/16/scale = Vector3(1, 1, 1)
bones/17/position = Vector3(2.14476, 11.9937, -0.328912)
bones/17/rotation = Quaternion(0.246635, 0.147387, 0.0783425, 0.954626)
bones/18/rotation = Quaternion(0.3259, -0.0671531, -0.0102951, 0.94296)
bones/19/rotation = Quaternion(0.32533, -0.0421628, -0.0066479, 0.944637)
bones/20/scale = Vector3(1, 1, 1)
bones/21/position = Vector3(4.79023, 11.1426, 0.0757716)
bones/21/rotation = Quaternion(0.179255, -0.0230233, 0.089704, 0.979434)
bones/21/scale = Vector3(1, 1, 1)
bones/22/rotation = Quaternion(0.518355, -0.0438952, -0.106977, 0.847312)
bones/22/scale = Vector3(1, 1, 1)
bones/23/rotation = Quaternion(0.161006, 0.132375, -0.212928, 0.954576)
bones/25/rotation = Quaternion(0.530305, -0.499843, 0.530708, 0.432762)
bones/25/scale = Vector3(1, 1, 1)
bones/26/rotation = Quaternion(0.198555, -0.110574, -0.53832, 0.811518)
bones/26/scale = Vector3(1, 1, 1)
bones/27/rotation = Quaternion(0.401431, 0.561308, -0.581107, 0.431395)
bones/28/position = Vector3(-0.0484773, 27.6681, -0.0153927)
bones/28/rotation = Quaternion(-0.481405, -0.314435, 0.0456187, 0.816883)
bones/29/rotation = Quaternion(0.331444, -0.381918, -0.405002, 0.761746)
bones/30/position = Vector3(1.04904e-05, 4.74495, -9.03863e-07)
bones/30/rotation = Quaternion(-0.116273, -0.171608, 0.504081, 0.838411)
bones/31/position = Vector3(-1.04281e-07, 4.38215, 3.14583e-05)
bones/32/rotation = Quaternion(0.0092324, -0.127131, -0.0723282, 0.989202)
bones/33/position = Vector3(2.82159, 12.2518, 0.269647)
bones/33/rotation = Quaternion(0.606909, -0.15934, -0.225005, 0.745415)
bones/34/rotation = Quaternion(0.4629, 0.39094, -0.0199089, 0.795295)
bones/35/position = Vector3(-0.0356762, 3.18992, 0.521581)
bones/35/rotation = Quaternion(0.617338, -0.0706694, 0.298362, 0.724486)
bones/36/rotation = Quaternion(-7.25753e-05, -0.0067093, 0.00137476, 0.999977)
bones/36/scale = Vector3(1, 1, 1)
bones/37/position = Vector3(0.000891832, 12.2514, 0.835534)
bones/37/rotation = Quaternion(0.575828, 0.0267603, -0.0777614, 0.813424)
bones/38/rotation = Quaternion(0.604947, 0.0569237, -0.0158337, 0.794071)
bones/39/position = Vector3(-0.023286, 3.56526, 0.4027)
bones/39/rotation = Quaternion(0.363124, 0.103125, -0.00467262, 0.926004)
bones/40/rotation = Quaternion(-5.08276e-05, -0.00669526, -0.00170839, 0.999976)
bones/41/position = Vector3(-2.22008, 12.0455, 0.257925)
bones/41/rotation = Quaternion(0.53289, -0.00318033, -0.0370898, 0.845365)
bones/42/position = Vector3(-1.91275e-07, 3.6012, 1.61192e-07)
bones/42/rotation = Quaternion(0.485936, 0.0891751, -0.00948427, 0.869382)
bones/43/rotation = Quaternion(0.501314, -0.000959217, 0.0930749, 0.860245)
bones/44/rotation = Quaternion(-6.06545e-05, -0.00761333, -0.000300492, 0.999971)
bones/45/position = Vector3(-4.72281, 11.5487, -0.915094)
bones/45/rotation = Quaternion(0.632714, -0.0105684, -0.00957507, 0.774254)
bones/46/rotation = Quaternion(0.404517, 0.0938083, -0.0311725, 0.909172)
bones/47/rotation = Quaternion(0.420121, 0.0291981, 0.0640542, 0.904733)
bones/48/rotation = Quaternion(-8.30166e-05, -0.00849887, 0.00220636, 0.999961)
bones/48/scale = Vector3(1, 1, 1)

[node name="FPGunAttach" parent="AimHelper/FPView/Mannequin/Skeleton3D" index="2"]
transform = Transform3D(0.0190598, 0.0411763, -0.99897, 0.998881, 0.0424705, 0.0208086, 0.0432836, -0.998249, -0.0403207, 7.84934, -1.29411, -32.3239)

[node name="FPWeapons" type="Node3D" parent="AimHelper/FPView/Mannequin/Skeleton3D/FPGunAttach" index="0"]
unique_name_in_owner = true
transform = Transform3D(1, 3.72529e-09, 6.98492e-10, -3.72529e-09, 1, 0, 0, 0, 1, -0.0731659, 1.37864, 0.0515652)

[node name="Pistol" parent="AimHelper/FPView/Mannequin/Skeleton3D/FPGunAttach/FPWeapons" index="0" instance=ExtResource("4_34lwb")]
transform = Transform3D(-1.22747, 99.9843, -1.27495, 1.09224, -1.26158, -99.9861, -99.9865, -1.24122, -1.07657, 2.13686, 7.49473, 3.19918)
visible = false

[node name="SMG" parent="AimHelper/FPView/Mannequin/Skeleton3D/FPGunAttach/FPWeapons" index="1" instance=ExtResource("5_6dxl1")]
transform = Transform3D(1.90598, 99.8881, 4.32834, 4.11762, 4.24704, -99.8249, -99.897, 2.08085, -4.03206, 0.982015, 10.8305, 3.41445)
visible = false

[node name="Rifle" parent="AimHelper/FPView/Mannequin/Skeleton3D/FPGunAttach/FPWeapons" index="2" instance=ExtResource("6_1205m")]
transform = Transform3D(-0.0221798, 99.8075, 6.2025, 5.2994, 6.19495, -99.6672, -99.8595, 0.306574, -5.29057, -0.402056, 6.48742, 3.17827)
visible = false

[node name="AnimationPlayer" parent="AimHelper/FPView" index="2"]
blend_times = [&"ShootPistol", &"ShootPistol", 0.15, &"ShootPistol", &"ShootRifle", 0.15, &"ShootPistol", &"ShootSMG", 0.15]

[editable path="Mannequin"]
[editable path="Mannequin/Mannequin/Skeleton3D/R_Hand/Weapons/Pistol"]
[editable path="Mannequin/Mannequin/Skeleton3D/R_Hand/Weapons/SMG"]
[editable path="Mannequin/Mannequin/Skeleton3D/R_Hand/Weapons/SMG/Mesh"]
[editable path="Mannequin/Mannequin/Skeleton3D/R_Hand/Weapons/Rifle"]
[editable path="Mannequin/Mannequin/Skeleton3D/R_Hand/Weapons/Shotgun"]
[editable path="Mannequin/Mannequin/Skeleton3D/R_Hand/Weapons/Sniper"]
[editable path="AimHelper/FPView"]
