[gd_scene load_steps=12 format=3 uid="uid://bvtob15rpepds"]

[ext_resource type="PackedScene" uid="uid://1s5qidco641t" path="res://Characters/CharacterBase.tscn" id="1_a23yl"]
[ext_resource type="Script" path="res://Characters/Player.gd" id="2_aqpim"]
[ext_resource type="PackedScene" uid="uid://0r6eljbdbyqv" path="res://Props/FPSlapper.tscn" id="3_mqij6"]
[ext_resource type="PackedScene" uid="uid://by7wwhoru7x60" path="res://Props/FPPistol.tscn" id="4_wj3q8"]
[ext_resource type="PackedScene" uid="uid://btj7bcwc5cjwk" path="res://Props/FPRifle.tscn" id="5_ubj5j"]
[ext_resource type="Texture2D" uid="uid://dwg7182f40h5u" path="res://Characters/CrossHair.png" id="5_wk7d6"]

[sub_resource type="CapsuleShape3D" id="CapsuleShape3D_hykio"]
radius = 0.25
height = 1.75

[sub_resource type="LabelSettings" id="LabelSettings_lhp81"]
font_size = 76
font_color = Color(0.862745, 0.0980392, 0.0862745, 1)

[sub_resource type="LabelSettings" id="LabelSettings_kxml2"]
font_size = 68
font_color = Color(0.254902, 0, 1, 1)

[sub_resource type="LabelSettings" id="LabelSettings_ue0id"]
font_size = 48

[sub_resource type="StandardMaterial3D" id="StandardMaterial3D_tin5q"]
albedo_color = Color(0.839216, 0.6, 0.466667, 1)
subsurf_scatter_enabled = true
subsurf_scatter_strength = 1.0
subsurf_scatter_skin_mode = true

[node name="Player" instance=ExtResource("1_a23yl")]
script = ExtResource("2_aqpim")

[node name="Collision" parent="." index="0"]
shape = SubResource("CapsuleShape3D_hykio")

[node name="AimHelper" parent="." index="1"]
transform = Transform3D(1, 0, 0, 0, 1, 0, 0, 0, 1, 0, 1.6, 0)

[node name="ShootCast" parent="AimHelper" index="0"]
collision_mask = 9

[node name="MainCamera" type="Camera3D" parent="AimHelper" index="1"]
transform = Transform3D(1, 0, 0, 0, 1, 0, 0, 0, 1, 0, 0, -0.105338)
cull_mask = 1048567

[node name="RemoteTransform3D" type="RemoteTransform3D" parent="AimHelper/MainCamera" index="0"]
remote_path = NodePath("../../../CanvasLayer/GunViewContainer/GunView/GunCamera")

[node name="FPWeapons" type="Node3D" parent="AimHelper" index="2"]

[node name="Slapper" parent="AimHelper/FPWeapons" index="0" instance=ExtResource("3_mqij6")]
transform = Transform3D(-0.974922, 0.0954632, 0.201034, 0.220188, 0.544985, 0.809017, -0.0323294, 0.832994, -0.552337, 0.08, -0.13, -0.255)

[node name="Pistol" parent="AimHelper/FPWeapons" index="1" instance=ExtResource("4_wj3q8")]
transform = Transform3D(-1, 0, -8.74228e-08, 0, 1, 0, 8.74228e-08, 0, -1, 0.11, -0.135, -0.31)
visible = false

[node name="Rifle" parent="AimHelper/FPWeapons" index="2" instance=ExtResource("5_ubj5j")]
transform = Transform3D(-1, 0, -8.74228e-08, 0, 1, 0, 8.74228e-08, 0, -1, 0.14, -0.23, -0.3)
visible = false

[node name="Weapons" parent="." index="2"]
transform = Transform3D(-0.211886, -0.180494, -0.960482, -0.971972, 0.141349, 0.187859, 0.101856, 0.973367, -0.205384, 0.17179, 1.35241, -0.268832)

[node name="Slapper" parent="Weapons" index="0"]
visible = true

[node name="Mesh" parent="Weapons/Pistol" index="0"]
cast_shadow = 3

[node name="Mesh" parent="Weapons/Rifle" index="0"]
cast_shadow = 3

[node name="CanvasLayer" type="CanvasLayer" parent="." index="3"]
layer = 2

[node name="GunViewContainer" type="SubViewportContainer" parent="CanvasLayer" index="0"]
anchors_preset = 15
anchor_right = 1.0
anchor_bottom = 1.0
grow_horizontal = 2
grow_vertical = 2
size_flags_horizontal = 3
size_flags_vertical = 3
stretch = true

[node name="GunView" type="SubViewport" parent="CanvasLayer/GunViewContainer" index="0"]
transparent_bg = true
handle_input_locally = false
gui_disable_input = true
positional_shadow_atlas_size = 4096
size = Vector2i(1920, 1080)
render_target_update_mode = 4

[node name="GunCamera" type="Camera3D" parent="CanvasLayer/GunViewContainer/GunView" index="0"]
transform = Transform3D(1, 0, 0, 0, 1, 0, 0, 0, 1, 0, 1.6, -0.105338)
cull_mask = 8

[node name="UI" type="Control" parent="CanvasLayer" index="1"]
layout_mode = 3
anchors_preset = 15
anchor_right = 1.0
anchor_bottom = 1.0
offset_left = 960.0
offset_top = 540.0
offset_right = -960.0
offset_bottom = -540.0
grow_horizontal = 2
grow_vertical = 2
size_flags_horizontal = 4

[node name="Crosshairs" type="Sprite2D" parent="CanvasLayer/UI" index="0"]
scale = Vector2(0.5, 0.5)
texture = ExtResource("5_wk7d6")

[node name="Health" type="BoxContainer" parent="CanvasLayer/UI" index="1"]
layout_mode = 0
offset_left = -852.0
offset_top = -481.0
offset_right = -686.0
offset_bottom = -273.0
theme_override_constants/separation = -20
vertical = true

[node name="Health" type="Label" parent="CanvasLayer/UI/Health" index="0"]
unique_name_in_owner = true
layout_mode = 2
text = "100"
label_settings = SubResource("LabelSettings_lhp81")
vertical_alignment = 1

[node name="Armor" type="Label" parent="CanvasLayer/UI/Health" index="1"]
unique_name_in_owner = true
layout_mode = 2
text = "0"
label_settings = SubResource("LabelSettings_kxml2")

[node name="Weapon" type="VBoxContainer" parent="CanvasLayer/UI" index="2"]
layout_mode = 0
offset_left = 610.0
offset_top = 340.0
offset_right = 905.0
offset_bottom = 484.0
alignment = 2

[node name="AmmoInMag" type="Label" parent="CanvasLayer/UI/Weapon" index="0"]
unique_name_in_owner = true
layout_mode = 2
size_flags_horizontal = 8
size_flags_vertical = 6
text = "0 / 0"
label_settings = SubResource("LabelSettings_ue0id")
horizontal_alignment = 2
vertical_alignment = 1

[node name="ExtraAmmo" type="Label" parent="CanvasLayer/UI/Weapon" index="1"]
unique_name_in_owner = true
layout_mode = 2
text = "0"
label_settings = SubResource("LabelSettings_ue0id")
horizontal_alignment = 2
vertical_alignment = 1

[node name="Skeleton" parent="PuppetBase" index="2"]
bones/1/position = Vector3(1.61993e-09, 0.883729, -0.0641973)
bones/2/rotation = Quaternion(0.00316288, 1.97216e-05, 0.000243781, 0.999995)
bones/4/rotation = Quaternion(0.00279365, 1.72731e-05, 0.000215261, 0.999996)
bones/5/rotation = Quaternion(0.00368965, 2.18144e-05, 0.000284388, 0.999993)
bones/7/rotation = Quaternion(0.0160001, 0.886039, 0.275711, 0.372374)
bones/8/rotation = Quaternion(-0.0159206, -0.721732, -0.0154843, 0.691817)
bones/9/rotation = Quaternion(-0.403039, 0.723272, 0.127782, 0.545994)
bones/11/rotation = Quaternion(0.0306153, -0.0192701, -0.0717908, 0.996764)
bones/14/rotation = Quaternion(0.000941944, 0.00168605, -0.000881233, 0.999998)
bones/17/rotation = Quaternion(0.327221, 0.0504204, 0.0458493, 0.942487)
bones/20/rotation = Quaternion(-0.130814, 0.949633, 0.266238, 0.101006)
bones/21/rotation = Quaternion(0.25172, 0.382104, -0.244693, 0.854845)
bones/22/rotation = Quaternion(-0.211998, -0.843622, -0.145812, 0.471273)
bones/24/rotation = Quaternion(0.0129022, 0.0235294, 0.0806847, 0.996378)
bones/25/rotation = Quaternion(-0.000415319, -0.00574225, 0.00150406, 0.999982)
bones/27/rotation = Quaternion(-0.00749587, -0.0139298, -0.0480447, 0.99872)
bones/28/rotation = Quaternion(0.00144378, -0.0110206, 0.00257538, 0.999935)
bones/30/rotation = Quaternion(-0.342413, 0.504337, -0.568225, 0.552736)
bones/33/rotation = Quaternion(-0.141048, 0.0550037, 0.988409, -0.0112835)
bones/34/rotation = Quaternion(-0.0326095, 0.995165, 0.0924673, 0.00574935)
bones/35/rotation = Quaternion(0.0734198, 0.798879, -0.585618, 0.11599)
bones/38/rotation = Quaternion(0.133435, -0.173759, 0.975413, -0.0239106)
bones/39/rotation = Quaternion(0.0543055, 0.986533, 0.153989, -0.00957443)
bones/40/rotation = Quaternion(-0.0831243, 0.691134, -0.711214, -0.0979706)

[node name="Body" parent="PuppetBase/Skeleton" index="0"]
cast_shadow = 3
surface_material_override/0 = SubResource("StandardMaterial3D_tin5q")

[node name="Head" parent="PuppetBase/Skeleton" index="1"]
transform = Transform3D(0.999999, -0.00148562, 0.000131953, 0.00148789, 0.999813, -0.0192911, -0.000103269, 0.0192913, 0.999814, -0.000241275, 1.56365, -0.048579)

[node name="HeadArea" parent="PuppetBase/Skeleton/Head" index="0"]
collision_layer = 4

[node name="Neck" parent="PuppetBase/Skeleton" index="2"]
transform = Transform3D(1, -0.000487436, 4.09852e-05, 0.000487685, 0.99998, -0.00632572, -3.7901e-05, 0.00632574, 0.99998, 0.00207937, 1.4455, -0.0292936)

[node name="NeckArea" parent="PuppetBase/Skeleton/Neck" index="0"]
collision_layer = 4

[node name="Chest" parent="PuppetBase/Skeleton" index="3"]
transform = Transform3D(1, -0.000487436, 4.09852e-05, 0.000487685, 0.99998, -0.00632572, -3.7901e-05, 0.00632574, 0.99998, 7.13329e-10, 1.1219, -0.0868668)

[node name="ChestArea" parent="PuppetBase/Skeleton/Chest" index="0"]
collision_layer = 4

[node name="Stomach" parent="PuppetBase/Skeleton" index="4"]
transform = Transform3D(1, 0, 0, 0, 1, 0, 0, 0, 1, 1.61993e-09, 0.883729, -0.0641973)

[node name="StomachArea" parent="PuppetBase/Skeleton/Stomach" index="0"]
collision_layer = 4

[node name="R_UpperArm" parent="PuppetBase/Skeleton" index="5"]
transform = Transform3D(0.194834, -0.824231, -0.53168, -0.267373, 0.476908, -0.8373, 0.94369, 0.305291, -0.12746, 0.194835, 1.38441, -0.0380402)

[node name="R_UpperArmArea" parent="PuppetBase/Skeleton/R_UpperArm" index="0"]
collision_layer = 4

[node name="R_Forearm" parent="PuppetBase/Skeleton" index="6"]
transform = Transform3D(0.713703, -0.631484, 0.303077, 0.385082, -0.0076977, -0.92285, 0.585098, 0.775351, 0.237679, 0.225575, 1.22546, -0.169704)

[node name="R_ForearmArea" parent="PuppetBase/Skeleton/R_Forearm" index="0"]
collision_layer = 4

[node name="R_Hand" parent="PuppetBase/Skeleton" index="7"]
transform = Transform3D(-0.211886, -0.180494, -0.960482, -0.971972, 0.141349, 0.187859, 0.101856, 0.973367, -0.205384, 0.17179, 1.35241, -0.321811)

[node name="R_HandArea" parent="PuppetBase/Skeleton/R_Hand" index="0"]
collision_layer = 4

[node name="L_UpperArm" parent="PuppetBase/Skeleton" index="8"]
transform = Transform3D(0.233976, 0.847204, 0.47697, -0.646358, 0.50202, -0.574629, -0.726276, -0.173844, 0.665057, -0.195087, 1.38422, -0.0380255)

[node name="L_UpperArmArea" parent="PuppetBase/Skeleton/L_UpperArm" index="0"]
collision_layer = 4

[node name="L_Forearm" parent="PuppetBase/Skeleton" index="9"]
transform = Transform3D(0.467971, 0.856912, -0.216114, -0.54601, 0.472637, 0.691728, 0.694893, -0.205708, 0.689063, -0.233413, 1.18757, 0.0203202)

[node name="L_ForearmArea" parent="PuppetBase/Skeleton/L_Forearm" index="0"]
collision_layer = 4

[node name="L_Hand" parent="PuppetBase/Skeleton" index="10"]
transform = Transform3D(-0.223996, 0.26757, 0.93714, -0.784102, 0.521593, -0.33634, -0.5788, -0.810153, 0.0929676, -0.232817, 0.987234, -0.0245299)

[node name="L_HandArea" parent="PuppetBase/Skeleton/L_Hand" index="0"]
collision_layer = 4

[node name="R_Thigh" parent="PuppetBase/Skeleton" index="11"]
transform = Transform3D(-0.963247, 0.00027442, 0.268618, -0.0930165, -0.938473, -0.332592, 0.252, -0.345354, 0.904006, 0.0851499, 0.866239, -0.0593682)

[node name="R_ThighArea" parent="PuppetBase/Skeleton/R_Thigh" index="0"]
collision_layer = 4

[node name="R_Shin" parent="PuppetBase/Skeleton" index="12"]
transform = Transform3D(0.966984, -0.0244559, -0.25366, -0.0171832, -0.999376, 0.0308473, -0.254256, -0.0254702, -0.966801, 0.112005, 0.485071, -0.234081)

[node name="R_ShinArea" parent="PuppetBase/Skeleton/R_Shin" index="0"]
collision_layer = 4

[node name="R_Foot" parent="PuppetBase/Skeleton" index="13"]
transform = Transform3D(-1, -3.57628e-07, -2.87779e-07, -2.97092e-07, 4.82425e-07, 1, -3.42727e-07, 1, -3.94881e-07, 0.11946, 0.113839, -0.180125)

[node name="R_FootArea" parent="PuppetBase/Skeleton/R_Foot" index="0"]
collision_layer = 4

[node name="L_Thigh" parent="PuppetBase/Skeleton" index="14"]
transform = Transform3D(-0.959956, 0.00678911, -0.280067, -0.0378218, -0.993694, 0.105549, -0.277585, 0.111915, 0.95416, -0.0851499, 0.866239, -0.0593682)

[node name="L_ThighArea" parent="PuppetBase/Skeleton/L_Thigh" index="0"]
collision_layer = 4

[node name="L_Shin" parent="PuppetBase/Skeleton" index="15"]
transform = Transform3D(0.962312, 0.0185452, 0.271316, 0.0993324, -0.952708, -0.287195, 0.253159, 0.303321, -0.918644, -0.108665, 0.446983, -0.044997)

[node name="L_ShinArea" parent="PuppetBase/Skeleton/L_Shin" index="0"]
collision_layer = 4

[node name="L_Foot" parent="PuppetBase/Skeleton" index="16"]
transform = Transform3D(-1, 1.63913e-07, -1.56462e-07, -1.56462e-07, -2.98023e-08, 1, 1.93715e-07, 1, 1.49012e-07, -0.11946, 0.113838, 0.127274)

[node name="L_FootArea" parent="PuppetBase/Skeleton/L_Foot" index="0"]
collision_layer = 4

[connection signal="finished_reloading" from="Weapons/Pistol" to="." method="_update_UI"]
[connection signal="finished_reloading" from="Weapons/Rifle" to="." method="_update_UI"]

[editable path="Weapons/Slapper"]
[editable path="Weapons/Pistol"]
[editable path="Weapons/Pistol/Mesh"]
[editable path="Weapons/Rifle"]
[editable path="PuppetBase"]
