[gd_scene load_steps=13 format=3 uid="uid://bb1otskk4hdc6"]

[ext_resource type="PackedScene" uid="uid://65jhlh1xbkow" path="res://Characters/CharacterBase.tscn" id="1_chbam"]
[ext_resource type="Script" path="res://Characters/Campaign/CampaignPlayer.gd" id="2_4y5pm"]
[ext_resource type="PackedScene" uid="uid://cm6pnkpd4ohs5" path="res://Characters/FirstPerson.tscn" id="3_qdhym"]
[ext_resource type="Script" path="res://Characters/Multiplayer/UI.gd" id="4_xk1b2"]
[ext_resource type="PackedScene" uid="uid://0r6eljbdbyqv" path="res://Props/Weapons/Slapper/FPSlapper.tscn" id="4_xoe8x"]
[ext_resource type="Texture2D" uid="uid://dwg7182f40h5u" path="res://Characters/CrossHair.png" id="5_jm81b"]
[ext_resource type="Texture2D" uid="uid://bakhbfe2uhg4u" path="res://Characters/Scope.png" id="6_qktbt"]
[ext_resource type="Script" path="res://Characters/Multiplayer/MatchTimer.gd" id="7_tlx56"]
[ext_resource type="Texture2D" uid="uid://crqwjsvsfkcig" path="res://Characters/DmgArrow.png" id="8_n10ar"]

[sub_resource type="LabelSettings" id="LabelSettings_47f13"]
resource_local_to_scene = true
font_size = 72
font_color = Color(0.121569, 0.121569, 0.121569, 1)
outline_size = 5
outline_color = Color(0.184314, 0.184314, 0.184314, 1)

[sub_resource type="LabelSettings" id="LabelSettings_nykx7"]
resource_local_to_scene = true
font_size = 48
font_color = Color(0.121569, 0.121569, 0.121569, 1)

[sub_resource type="LabelSettings" id="LabelSettings_d86el"]
font_size = 48
font_color = Color(0.121569, 0.121569, 0.121569, 1)

[node name="Player" instance=ExtResource("1_chbam")]
script = ExtResource("2_4y5pm")
health_fade = null

[node name="Alpha_Joints" parent="Mannequin/Mannequin/Skeleton3D" index="0"]
cast_shadow = 3

[node name="Alpha_Surface" parent="Mannequin/Mannequin/Skeleton3D" index="1"]
cast_shadow = 3

[node name="Hips" parent="Mannequin/Mannequin/Skeleton3D" index="2"]
transform = Transform3D(-1, 8.78097e-05, 3.02003e-06, 8.56894e-05, 0.982297, -0.18733, -1.9416e-05, -0.18733, -0.982297, -0.000598402, 77.7623, -4.11995e-05)

[node name="Stomach" parent="Mannequin/Mannequin/Skeleton3D" index="3"]
transform = Transform3D(-1, 9.90219e-05, 1.44262e-05, 9.78358e-05, 0.997763, -0.0668585, -2.10143e-05, -0.0668585, -0.997762, -0.000590418, 87.74, -0.653403)

[node name="Chest" parent="Mannequin/Mannequin/Skeleton3D" index="4"]
transform = Transform3D(-1, 8.03952e-05, 1.4331e-05, 7.92494e-05, 0.997736, -0.0672498, -1.97051e-05, -0.0672498, -0.997736, 0.000571307, 99.4457, -1.43779)

[node name="Neck" parent="Mannequin/Mannequin/Skeleton3D" index="5"]
transform = Transform3D(-1, 8.78097e-05, -3.17805e-07, 8.63147e-05, 0.982297, -0.18733, -1.61372e-05, -0.18733, -0.982297, 0.00294757, 127.492, -5.93779)

[node name="Head" parent="Mannequin/Mannequin/Skeleton3D" index="6"]
transform = Transform3D(-1, 8.78097e-05, -3.17788e-07, 8.63147e-05, 0.982297, -0.18733, -1.61372e-05, -0.18733, -0.982297, 0.00385028, 137.042, -10.9582)

[node name="L_UpperArm" parent="Mannequin/Mannequin/Skeleton3D" index="7"]
transform = Transform3D(-8.05496e-07, -1, -8.9312e-05, 0.18733, 8.75462e-05, -0.982297, 0.982297, -1.75922e-05, 0.18733, -18.7584, 121.919, -2.1382)

[node name="L_Forearm" parent="Mannequin/Mannequin/Skeleton3D" index="8"]
transform = Transform3D(-8.0649e-07, -1, -8.80727e-05, 0.18733, 8.63286e-05, -0.982297, 0.982297, -1.7361e-05, 0.18733, -46.1631, 121.921, -2.13867)

[node name="L_Hand" parent="Mannequin/Mannequin/Skeleton3D" index="9"]
transform = Transform3D(-6.52632e-07, -1, -8.66593e-05, 0.18733, 8.49691e-05, -0.982297, 0.982297, -1.69451e-05, 0.18733, -73.7776, 121.923, -2.13915)

[node name="R_UpperArm" parent="Mannequin/Mannequin/Skeleton3D" index="10"]
transform = Transform3D(-5.69379e-07, 1, -8.64957e-05, -0.18733, -8.51769e-05, -0.982297, -0.982297, 1.56341e-05, 0.18733, 18.7632, 121.915, -2.13765)

[node name="R_Forearm" parent="Mannequin/Mannequin/Skeleton3D" index="11"]
transform = Transform3D(-5.10228e-07, 1, -8.69483e-05, -0.18733, -8.56105e-05, -0.982297, -0.982297, 1.5777e-05, 0.18733, 46.1679, 121.913, -2.13722)

[node name="R_Hand" parent="Mannequin/Mannequin/Skeleton3D" index="12"]
transform = Transform3D(-4.87178e-07, 1, -8.63556e-05, -0.18733, -8.5024e-05, -0.982297, -0.982297, 1.56886e-05, 0.187331, 73.7824, 121.911, -2.1368)

[node name="L_Thigh" parent="Mannequin/Mannequin/Skeleton3D" index="13"]
transform = Transform3D(0.854838, -0.335306, -0.396007, 0.222194, -0.453129, 0.86331, -0.468915, -0.825981, -0.312849, -9.12505, 71.2341, 1.3013)

[node name="L_Shin" parent="Mannequin/Mannequin/Skeleton3D" index="14"]
transform = Transform3D(0.958819, 0.282961, 0.0244672, 0.185524, -0.558757, -0.808314, -0.21505, 0.779566, -0.588243, -22.7383, 52.8373, -32.233)

[node name="L_Foot" parent="Mannequin/Mannequin/Skeleton3D" index="15"]
transform = Transform3D(0.973667, 0.034581, -0.225336, 0.0329368, -0.999396, -0.0110534, -0.225582, 0.00334036, -0.974218, -10.8259, 29.3142, 0.585949)

[node name="R_Thigh" parent="Mannequin/Mannequin/Skeleton3D" index="16"]
transform = Transform3D(0.899655, 0.33134, 0.284314, -0.170021, -0.333915, 0.927143, 0.402136, -0.882448, -0.244074, 9.12385, 71.2341, 1.3013)

[node name="R_Shin" parent="Mannequin/Mannequin/Skeleton3D" index="17"]
transform = Transform3D(0.958144, -0.285608, 0.0197088, -0.209554, -0.746574, -0.631439, 0.195058, 0.600879, -0.775175, 22.5761, 57.6773, -34.5256)

[node name="R_Foot" parent="Mannequin/Mannequin/Skeleton3D" index="18"]
transform = Transform3D(0.986036, -0.026441, 0.164423, -0.0329915, -0.998762, 0.0372372, 0.163235, -0.0421419, -0.985687, 10.5523, 26.2473, -9.22923)

[node name="Weapons" parent="." index="2"]
transform = Transform3D(-5.18464e-07, 0.999839, -8.64459e-05, -0.187302, -8.50107e-05, -0.982162, -0.982147, 1.56843e-05, 0.187305, 0.737824, 1.21911, -0.021368)

[node name="Mesh" parent="Weapons/Pistol" index="0"]
cast_shadow = 3

[node name="Mesh" parent="Weapons/SMG" index="0"]
cast_shadow = 3

[node name="Rifle" parent="Weapons" index="3"]
visible = false

[node name="Mesh" parent="Weapons/Rifle" index="0"]
cast_shadow = 3

[node name="Mesh" parent="Weapons/Shotgun" index="0"]
cast_shadow = 3

[node name="Mesh" parent="Weapons/Sniper" index="0"]
cast_shadow = 3

[node name="FirstPersonAnims" parent="." index="3" instance=ExtResource("3_qdhym")]
transform = Transform3D(1, 0, 0, 0, 1, 0, 0, 0, 1, 0, 1.95, 0.75)

[node name="FPWeapons" parent="FirstPersonAnims" index="0"]
transform = Transform3D(0.0152689, 0.040183, -0.998894, 0.994391, 0.102511, 0.0193226, 0.103192, -0.99377, -0.038397, 0.0762032, -0.00950933, -0.317379)

[node name="Slapper" parent="FirstPersonAnims/FPWeapons" index="0" instance=ExtResource("4_xoe8x")]
transform = Transform3D(-1, 0, -8.96398e-08, 3.72529e-09, 1, -3.72529e-09, 8.84756e-08, 3.72529e-09, -1, 0, 0, 0)
visible = false

[node name="Pistol" parent="FirstPersonAnims/FPWeapons" index="1"]
visible = true

[node name="Rifle" parent="FirstPersonAnims/FPWeapons" index="3"]
visible = false

[node name="Skeleton3D" parent="FirstPersonAnims/Mannequin" index="0"]
bones/0/rotation = Quaternion(0.00256392, 0.999291, 0.0375497, 0.000752901)
bones/1/rotation = Quaternion(-0.519571, -0.519689, 0.531162, -0.421707)
bones/2/rotation = Quaternion(0.520561, -0.3538, 0.368769, 0.683997)
bones/3/position = Vector3(0.133162, 27.2574, 0.139394)
bones/3/rotation = Quaternion(0.607644, -0.624451, -0.371726, 0.320391)
bones/4/rotation = Quaternion(-0.323512, 0.798287, 0.368463, 0.349734)
bones/5/rotation = Quaternion(-0.0748246, 0.123697, 0.35159, 0.924924)
bones/6/rotation = Quaternion(0.0323532, -0.132658, -0.489793, 0.86108)
bones/7/position = Vector3(4.14997e-06, 4.38212, -1.49875e-05)
bones/7/rotation = Quaternion(-0.0884136, -0.363845, -0.0627379, 0.925129)
bones/9/position = Vector3(-2.72451, 12.4167, 0.924974)
bones/9/rotation = Quaternion(0.220151, 0.0542594, -0.0971492, 0.969098)
bones/10/rotation = Quaternion(0.404375, -0.0352472, -0.0943242, 0.909033)
bones/11/rotation = Quaternion(0.198663, 0.019591, -0.0464424, 0.978771)
bones/13/position = Vector3(-0.0900558, 12.5443, -0.223907)
bones/13/rotation = Quaternion(0.243918, 0.140668, 0.0789413, 0.956287)
bones/14/rotation = Quaternion(0.416447, -0.0478983, -0.0868807, 0.903731)
bones/15/position = Vector3(0.0214803, 3.57819, 0.298668)
bones/15/rotation = Quaternion(0.185156, -0.0564563, 0.015744, 0.98096)
bones/17/position = Vector3(2.14476, 11.9937, -0.328912)
bones/17/rotation = Quaternion(0.246635, 0.147387, 0.0783425, 0.954626)
bones/18/rotation = Quaternion(0.3259, -0.0671531, -0.0102951, 0.94296)
bones/19/rotation = Quaternion(0.32533, -0.0421628, -0.0066479, 0.944637)
bones/21/position = Vector3(4.79023, 11.1426, 0.0757716)
bones/21/rotation = Quaternion(0.179255, -0.0230233, 0.089704, 0.979434)
bones/22/rotation = Quaternion(0.518355, -0.0438952, -0.106977, 0.847312)
bones/23/rotation = Quaternion(0.161006, 0.132375, -0.212928, 0.954576)
bones/25/rotation = Quaternion(0.527627, -0.502038, 0.533046, 0.430616)
bones/26/rotation = Quaternion(0.196874, -0.108843, -0.541967, 0.809732)
bones/27/rotation = Quaternion(0.410782, 0.556372, -0.582234, 0.427448)
bones/28/position = Vector3(-0.0022749, 27.6709, 0.0528973)
bones/28/rotation = Quaternion(-0.479922, -0.32954, 0.0218239, 0.812774)
bones/29/rotation = Quaternion(0.331444, -0.381918, -0.405002, 0.761746)
bones/30/position = Vector3(1.04904e-05, 4.74495, -9.03863e-07)
bones/30/rotation = Quaternion(-0.116273, -0.171608, 0.504081, 0.838411)
bones/31/position = Vector3(-1.04281e-07, 4.38215, 3.14583e-05)
bones/33/position = Vector3(2.82159, 12.2518, 0.269647)
bones/33/rotation = Quaternion(0.606909, -0.15934, -0.225005, 0.745415)
bones/34/rotation = Quaternion(0.4629, 0.39094, -0.0199089, 0.795295)
bones/35/position = Vector3(-0.0356762, 3.18992, 0.521581)
bones/35/rotation = Quaternion(0.617338, -0.0706694, 0.298362, 0.724486)
bones/37/position = Vector3(0.000891832, 12.2514, 0.835534)
bones/37/rotation = Quaternion(0.575828, 0.0267603, -0.0777614, 0.813424)
bones/38/rotation = Quaternion(0.604947, 0.0569237, -0.0158337, 0.794071)
bones/39/position = Vector3(-0.023286, 3.56526, 0.4027)
bones/39/rotation = Quaternion(0.363124, 0.103125, -0.00467262, 0.926004)
bones/41/position = Vector3(-2.22008, 12.0455, 0.257925)
bones/41/rotation = Quaternion(0.53289, -0.00318033, -0.0370898, 0.845365)
bones/42/rotation = Quaternion(0.485936, 0.0891751, -0.00948427, 0.869382)
bones/43/rotation = Quaternion(0.501314, -0.000959217, 0.0930749, 0.860245)
bones/45/position = Vector3(-4.72281, 11.5487, -0.915094)
bones/45/rotation = Quaternion(0.632714, -0.0105684, -0.00957507, 0.774254)
bones/46/rotation = Quaternion(0.404517, 0.0938083, -0.0311725, 0.909172)
bones/47/rotation = Quaternion(0.420121, 0.0291981, 0.0640542, 0.904733)

[node name="HandAttach" parent="FirstPersonAnims/Mannequin/Skeleton3D" index="2"]
transform = Transform3D(0.0152712, 0.0401891, -0.999076, 0.994543, 0.102526, 0.0193262, 0.103208, -0.993918, -0.038404, 7.62032, -0.950935, -31.7379)

[node name="RemoteTransform3D" type="RemoteTransform3D" parent="AimHelper/Camera" index="0"]
remote_path = NodePath("../../../FPCanvas/SubViewportContainer/SubViewport/FPCamera")
update_scale = false

[node name="FPCanvas" type="CanvasLayer" parent="." index="9"]

[node name="SubViewportContainer" type="SubViewportContainer" parent="FPCanvas" index="0"]
anchors_preset = 15
anchor_right = 1.0
anchor_bottom = 1.0
grow_horizontal = 2
grow_vertical = 2
stretch = true
metadata/_edit_use_anchors_ = true

[node name="SubViewport" type="SubViewport" parent="FPCanvas/SubViewportContainer" index="0"]
transparent_bg = true
handle_input_locally = false
size = Vector2i(1920, 1080)
render_target_update_mode = 4

[node name="FPCamera" type="Camera3D" parent="FPCanvas/SubViewportContainer/SubViewport" index="0"]
transform = Transform3D(1, 0, 0, 0, 0.97237, 0.233445, 0, -0.233445, 0.97237, 0, 2.15, 0.75)
top_level = true
cull_mask = 8
current = true

[node name="UI" type="Control" parent="FPCanvas" index="1"]
process_mode = 3
layout_mode = 3
anchors_preset = 8
anchor_left = 0.5
anchor_top = 0.5
anchor_right = 0.5
anchor_bottom = 0.5
grow_horizontal = 2
grow_vertical = 2
pivot_offset = Vector2(960, 540)
script = ExtResource("4_xk1b2")
metadata/_edit_use_anchors_ = true

[node name="Crosshair" type="Sprite2D" parent="FPCanvas/UI" index="0"]
scale = Vector2(1.2, 1.2)
texture = ExtResource("5_jm81b")

[node name="Scope" type="Sprite2D" parent="FPCanvas/UI" index="1"]
visible = false
texture = ExtResource("6_qktbt")

[node name="MatchTimer" type="Label" parent="FPCanvas/UI" index="2"]
unique_name_in_owner = true
visible = false
layout_mode = 1
anchors_preset = 14
anchor_top = 0.5
anchor_right = 1.0
anchor_bottom = 0.5
offset_left = -960.0
offset_top = -540.0
offset_right = 960.0
offset_bottom = -441.0
grow_horizontal = 2
grow_vertical = 2
text = "00 : 00"
label_settings = SubResource("LabelSettings_47f13")
horizontal_alignment = 1
vertical_alignment = 1
script = ExtResource("7_tlx56")
metadata/_edit_use_anchors_ = true

[node name="Weapon" type="VBoxContainer" parent="FPCanvas/UI" index="3"]
layout_mode = 0
offset_left = 637.0
offset_top = 331.0
offset_right = 734.0
offset_bottom = 469.0
metadata/_edit_use_anchors_ = true

[node name="AmmoInMag" type="Label" parent="FPCanvas/UI/Weapon" index="0"]
unique_name_in_owner = true
layout_mode = 2
text = "0 / 0"
label_settings = SubResource("LabelSettings_nykx7")
horizontal_alignment = 2
vertical_alignment = 1

[node name="ExtraAmmo" type="Label" parent="FPCanvas/UI/Weapon" index="1"]
unique_name_in_owner = true
layout_mode = 2
text = "0"
label_settings = SubResource("LabelSettings_d86el")
horizontal_alignment = 2
vertical_alignment = 1

[node name="DMG_Left" type="Sprite2D" parent="FPCanvas/UI" index="4"]
modulate = Color(1, 1, 1, 0)
position = Vector2(-1397, -107)
rotation = -3.14159
scale = Vector2(1.38477, 1.38477)
texture = ExtResource("8_n10ar")
metadata/_edit_group_ = true

[node name="DMG_Right" type="Sprite2D" parent="FPCanvas/UI" index="5"]
modulate = Color(1, 1, 1, 0)
position = Vector2(1413, 61)
scale = Vector2(1.38477, 1.38477)
texture = ExtResource("8_n10ar")
metadata/_edit_group_ = true

[node name="DMG_Up" type="Sprite2D" parent="FPCanvas/UI" index="6"]
modulate = Color(1, 1, 1, 0)
position = Vector2(164, -1046)
rotation = -1.57079
scale = Vector2(1.38477, 2.15647)
texture = ExtResource("8_n10ar")
metadata/_edit_group_ = true

[node name="DMG_Down" type="Sprite2D" parent="FPCanvas/UI" index="7"]
modulate = Color(1, 1, 1, 0)
position = Vector2(-142, 1034)
rotation = -4.71238
scale = Vector2(1.38477, 2.15647)
texture = ExtResource("8_n10ar")
metadata/_edit_group_ = true

[editable path="Mannequin"]
[editable path="Weapons/Pistol"]
[editable path="Weapons/Pistol/Mesh"]
[editable path="Weapons/SMG"]
[editable path="Weapons/SMG/Mesh"]
[editable path="Weapons/Rifle"]
[editable path="Weapons/Shotgun"]
[editable path="Weapons/Sniper"]
[editable path="FirstPersonAnims"]
