[gd_scene load_steps=35 format=3 uid="uid://bjvof25uwl8sb"]

[ext_resource type="PackedScene" uid="uid://1s5qidco641t" path="res://Characters/CharacterBase.tscn" id="1_sksl4"]
[ext_resource type="Script" path="res://Characters/Player.gd" id="2_p530v"]
[ext_resource type="PackedScene" uid="uid://kwpmppcj56nl" path="res://Props/Weapons/SMG/FPSMG.tscn" id="5_jery0"]
[ext_resource type="Script" path="res://Characters/UI.gd" id="7_bolck"]
[ext_resource type="PackedScene" uid="uid://0r6eljbdbyqv" path="res://Props/Weapons/Slapper/FPSlapper.tscn" id="7_of6tn"]
[ext_resource type="PackedScene" uid="uid://by7wwhoru7x60" path="res://Props/Weapons/Pistol/FPPistol.tscn" id="8_wni34"]
[ext_resource type="PackedScene" uid="uid://btj7bcwc5cjwk" path="res://Props/Weapons/Rifle/FPRifle.tscn" id="9_kxdh1"]
[ext_resource type="PackedScene" uid="uid://cokxjgyi8s31g" path="res://Props/Weapons/Shotgun/FPShotgun.tscn" id="10_0co2x"]
[ext_resource type="Texture2D" uid="uid://dwg7182f40h5u" path="res://Characters/CrossHair.png" id="11_ky6qt"]

[sub_resource type="StandardMaterial3D" id="StandardMaterial3D_hm4ms"]
albedo_color = Color(0.839216, 0.6, 0.466667, 1)
subsurf_scatter_strength = 1.0
subsurf_scatter_skin_mode = true

[sub_resource type="StandardMaterial3D" id="StandardMaterial3D_15itc"]
albedo_color = Color(0.839216, 0.6, 0.466667, 1)
subsurf_scatter_enabled = true
subsurf_scatter_strength = 1.0
subsurf_scatter_skin_mode = true

[sub_resource type="StandardMaterial3D" id="StandardMaterial3D_5y7vo"]
albedo_color = Color(0.305882, 0.305882, 0.305882, 1)
metallic = 0.33
metallic_specular = 0.27
roughness = 0.28
ao_enabled = true
ao_light_affect = 1.0

[sub_resource type="StandardMaterial3D" id="StandardMaterial3D_iala0"]
albedo_color = Color(0.305882, 0.305882, 0.305882, 1)
metallic = 0.33
metallic_specular = 0.27
roughness = 0.28
ao_enabled = true
ao_light_affect = 1.0

[sub_resource type="Animation" id="Animation_37gcc"]
resource_name = "PistolEquip"
length = 0.25
step = 0.05
tracks/0/type = "position_3d"
tracks/0/imported = false
tracks/0/enabled = true
tracks/0/path = NodePath("Pistol")
tracks/0/interp = 1
tracks/0/loop_wrap = true
tracks/0/keys = PackedFloat32Array(0, 1, 0.08, -0.275, -0.16, 0.25, 1, 0.08, -0.115, -0.16)
tracks/1/type = "rotation_3d"
tracks/1/imported = false
tracks/1/enabled = true
tracks/1/path = NodePath("Pistol")
tracks/1/interp = 1
tracks/1/loop_wrap = true
tracks/1/keys = PackedFloat32Array(0, 1, 1.98446e-08, 0.891007, -0.453991, 3.89471e-08, 0.25, 1, 0, 1, 0, -7.54979e-08)

[sub_resource type="Animation" id="Animation_2htne"]
resource_name = "PistolShoot"
length = 0.14
step = 0.01
tracks/0/type = "position_3d"
tracks/0/imported = false
tracks/0/enabled = true
tracks/0/path = NodePath("Pistol")
tracks/0/interp = 1
tracks/0/loop_wrap = true
tracks/0/keys = PackedFloat32Array(0, 1, 0.08, -0.115, -0.16, 0.05, 1, 0.08, -0.08, -0.15, 0.14, 1, 0.08, -0.115, -0.16)
tracks/1/type = "rotation_3d"
tracks/1/imported = false
tracks/1/enabled = true
tracks/1/path = NodePath("Pistol")
tracks/1/interp = 1
tracks/1/loop_wrap = true
tracks/1/keys = PackedFloat32Array(0, 1, 0, 1, 0, -4.37114e-08, 0.05, 1, -8.71465e-09, 0.979925, 0.199368, 4.28339e-08, 0.14, 1, 0, 1, 0, -4.37114e-08)

[sub_resource type="Animation" id="Animation_p4hij"]
resource_name = "PistolUnEquip"
length = 0.25
step = 0.05
tracks/0/type = "position_3d"
tracks/0/imported = false
tracks/0/enabled = true
tracks/0/path = NodePath("Pistol")
tracks/0/interp = 1
tracks/0/loop_wrap = true
tracks/0/keys = PackedFloat32Array(0, 1, 0.08, -0.115, -0.16, 0.25, 1, 0.08, -0.275, -0.16)
tracks/1/type = "rotation_3d"
tracks/1/imported = false
tracks/1/enabled = true
tracks/1/path = NodePath("Pistol")
tracks/1/interp = 1
tracks/1/loop_wrap = true
tracks/1/keys = PackedFloat32Array(0, 1, 0, 1, 0, -7.54979e-08, 0.25, 1, 3.42753e-08, 0.891007, -0.453991, 6.72691e-08)

[sub_resource type="Animation" id="Animation_chyh5"]
length = 0.001

[sub_resource type="Animation" id="Animation_yquew"]
resource_name = "RifleEquip"
length = 0.25
step = 0.05
tracks/0/type = "position_3d"
tracks/0/imported = false
tracks/0/enabled = true
tracks/0/path = NodePath("Rifle")
tracks/0/interp = 1
tracks/0/loop_wrap = true
tracks/0/keys = PackedFloat32Array(0, 1, 0.105, -0.4, -0.275, 0.25, 1, 0.105, -0.235, -0.275)
tracks/1/type = "rotation_3d"
tracks/1/imported = false
tracks/1/enabled = true
tracks/1/path = NodePath("Rifle")
tracks/1/interp = 1
tracks/1/loop_wrap = true
tracks/1/keys = PackedFloat32Array(0, 1, 2.39558e-08, 0.948324, -0.317305, 7.15965e-08, 0.25, 1, 0, 1, 0, -7.54979e-08)

[sub_resource type="Animation" id="Animation_vnien"]
resource_name = "RifleShoot"
length = 0.1111
step = 0.0111
tracks/0/type = "position_3d"
tracks/0/imported = false
tracks/0/enabled = true
tracks/0/path = NodePath("Rifle")
tracks/0/interp = 1
tracks/0/loop_wrap = true
tracks/0/keys = PackedFloat32Array(0, 1, 0.105, -0.235, -0.275, 0.0333, 1, 0.105, -0.235, -0.19, 0.111, 1, 0.105, -0.235, -0.275)
tracks/1/type = "rotation_3d"
tracks/1/imported = false
tracks/1/enabled = true
tracks/1/path = NodePath("Rifle")
tracks/1/interp = 1
tracks/1/loop_wrap = true
tracks/1/keys = PackedFloat32Array(0, 1, 0, 1, 0, -7.5498e-08, 0.0333, 1, -1.33488e-09, 0.999534, 0.0305385, 4.3691e-08, 0.111, 1, 0, 1, 0, -7.5498e-08)

[sub_resource type="Animation" id="Animation_6e0nd"]
resource_name = "RifleUnequip"
length = 0.25
step = 0.05
tracks/0/type = "position_3d"
tracks/0/imported = false
tracks/0/enabled = true
tracks/0/path = NodePath("Rifle")
tracks/0/interp = 1
tracks/0/loop_wrap = true
tracks/0/keys = PackedFloat32Array(0, 1, 0.105, -0.235, -0.275, 0.25, 1, 0.105, -0.4, -0.275)
tracks/1/type = "rotation_3d"
tracks/1/imported = false
tracks/1/enabled = true
tracks/1/path = NodePath("Rifle")
tracks/1/interp = 1
tracks/1/loop_wrap = true
tracks/1/keys = PackedFloat32Array(0, 1, 0, 1, 0, -7.54979e-08, 0.25, 1, 1.38698e-08, 0.948324, -0.317305, 4.14525e-08)

[sub_resource type="Animation" id="Animation_2xlax"]
resource_name = "SMGEquip"
length = 0.25
step = 0.05
tracks/0/type = "position_3d"
tracks/0/imported = false
tracks/0/enabled = true
tracks/0/path = NodePath("SMG")
tracks/0/interp = 1
tracks/0/loop_wrap = true
tracks/0/keys = PackedFloat32Array(0, 1, 0.09, -0.26, -0.135, 0.25, 1, 0.09, -0.16, -0.135)
tracks/1/type = "rotation_3d"
tracks/1/imported = false
tracks/1/enabled = true
tracks/1/path = NodePath("SMG")
tracks/1/interp = 1
tracks/1/loop_wrap = true
tracks/1/keys = PackedFloat32Array(0, 1, -0.496217, 0, 0, 0.868199, 0.25, 1, 0, 0, 0, 1)

[sub_resource type="Animation" id="Animation_wkgcg"]
resource_name = "SMGShoot"
length = 0.0833
step = 0.0083
tracks/0/type = "position_3d"
tracks/0/imported = false
tracks/0/enabled = true
tracks/0/path = NodePath("SMG")
tracks/0/interp = 1
tracks/0/loop_wrap = true
tracks/0/keys = PackedFloat32Array(0, 1, 0.09, -0.16, -0.135, 0.0249, 1, 0.09, -0.16, -0.09, 0.083, 1, 0.09, -0.16, -0.135)
tracks/1/type = "rotation_3d"
tracks/1/imported = false
tracks/1/enabled = true
tracks/1/path = NodePath("SMG")
tracks/1/interp = 1
tracks/1/loop_wrap = true
tracks/1/keys = PackedFloat32Array(0, 1, 0, 0, 0, 1, 0.0249, 1, 0.0741085, 0, 0, 0.99725, 0.083, 1, 0, 0, 0, 1)

[sub_resource type="Animation" id="Animation_ws6cv"]
resource_name = "SMGUnequip"
length = 0.25
step = 0.05
tracks/0/type = "position_3d"
tracks/0/imported = false
tracks/0/enabled = true
tracks/0/path = NodePath("SMG")
tracks/0/interp = 1
tracks/0/loop_wrap = true
tracks/0/keys = PackedFloat32Array(0, 1, 0.09, -0.16, -0.135, 0.25, 1, 0.09, -0.26, -0.135)
tracks/1/type = "rotation_3d"
tracks/1/imported = false
tracks/1/enabled = true
tracks/1/path = NodePath("SMG")
tracks/1/interp = 1
tracks/1/loop_wrap = true
tracks/1/keys = PackedFloat32Array(0, 1, 0, 0, 0, 1, 0.25, 1, -0.496217, 0, 0, 0.868199)

[sub_resource type="Animation" id="Animation_mey44"]
resource_name = "ShotgunEquip"
length = 0.25
step = 0.05
tracks/0/type = "position_3d"
tracks/0/imported = false
tracks/0/enabled = true
tracks/0/path = NodePath("Shotgun")
tracks/0/interp = 1
tracks/0/loop_wrap = true
tracks/0/keys = PackedFloat32Array(0, 1, 0.085, -0.355, -0.215, 0.25, 1, 0.085, -0.175, -0.215)
tracks/1/type = "rotation_3d"
tracks/1/imported = false
tracks/1/enabled = true
tracks/1/path = NodePath("Shotgun")
tracks/1/interp = 1
tracks/1/loop_wrap = true
tracks/1/keys = PackedFloat32Array(0, 1, -0.304864, 0, 0, 0.952396, 0.25, 1, 0, 0, 0, 1)

[sub_resource type="Animation" id="Animation_l34i7"]
resource_name = "ShotgunShoot"
length = 0.4444
step = 0.0111
tracks/0/type = "position_3d"
tracks/0/imported = false
tracks/0/enabled = true
tracks/0/path = NodePath("Shotgun")
tracks/0/interp = 1
tracks/0/loop_wrap = true
tracks/0/keys = PackedFloat32Array(0, 1, 0.085, -0.175, -0.215, 0.0444, 1, 0.085, -0.115, -0.16, 0.2109, 1, 0.085, -0.115, -0.15, 0.3219, 1, 0.085, -0.175, -0.215, 0.444, 1, 0.085, -0.175, -0.215)
tracks/1/type = "rotation_3d"
tracks/1/imported = false
tracks/1/enabled = true
tracks/1/path = NodePath("Shotgun")
tracks/1/interp = 1
tracks/1/loop_wrap = true
tracks/1/keys = PackedFloat32Array(0, 1, 0, 0, 0, 1, 0.0444, 1, 0.362438, 0, 0, 0.932008, 0.2109, 1, 0.358368, 0, 0, 0.93358, 0.3219, 1, 0, 0, 0, 1, 0.444, 1, 0, 0, 0, 1)

[sub_resource type="Animation" id="Animation_ij2ii"]
resource_name = "ShotgunUnequip"
length = 0.25
step = 0.05
tracks/0/type = "position_3d"
tracks/0/imported = false
tracks/0/enabled = true
tracks/0/path = NodePath("Shotgun")
tracks/0/interp = 1
tracks/0/loop_wrap = true
tracks/0/keys = PackedFloat32Array(0, 1, 0.085, -0.175, -0.215, 0.25, 1, 0.085, -0.355, -0.215)
tracks/1/type = "rotation_3d"
tracks/1/imported = false
tracks/1/enabled = true
tracks/1/path = NodePath("Shotgun")
tracks/1/interp = 1
tracks/1/loop_wrap = true
tracks/1/keys = PackedFloat32Array(0, 1, 0, 0, 0, 1, 0.25, 1, -0.304864, 0, 0, 0.952396)

[sub_resource type="Animation" id="Animation_28y8p"]
resource_name = "Slap"
length = 0.6
step = 0.0333
tracks/0/type = "position_3d"
tracks/0/imported = false
tracks/0/enabled = true
tracks/0/path = NodePath("Slapper")
tracks/0/interp = 1
tracks/0/loop_wrap = true
tracks/0/keys = PackedFloat32Array(0, 1, 0.14, -0.13, -0.145, 0.1332, 1, 0.13, -0.005, -0.135, 0.1998, 1, 0.021, -0.039, -0.136, 0.2664, 1, -0.165, -0.208, -0.137, 0.3663, 1, -0.165, -0.208, -0.137, 0.3996, 1, 0.065, -0.475, -0.145, 0.5994, 1, 0.14, -0.13, -0.145)
tracks/1/type = "rotation_3d"
tracks/1/imported = false
tracks/1/enabled = true
tracks/1/path = NodePath("Slapper")
tracks/1/interp = 1
tracks/1/loop_wrap = true
tracks/1/keys = PackedFloat32Array(0, 1, 0.0717862, 0.909558, 0.403964, 0.0660547, 0.1332, 1, 0.0709922, 0.805128, 0.557278, 0.190187, 0.1998, 1, 0.310236, 0.937765, -0.0851041, -0.130797, 0.2664, 1, 0.318869, 0.915376, -0.245759, -0.00339559, 0.3663, 1, 0.318869, 0.915376, -0.245759, -0.00339559, 0.3996, 1, 0.0717862, 0.909558, 0.403964, 0.0660547, 0.5994, 1, 0.0717862, 0.909558, 0.403964, 0.0660547)
tracks/2/type = "method"
tracks/2/imported = false
tracks/2/enabled = true
tracks/2/path = NodePath("../..")
tracks/2/interp = 1
tracks/2/loop_wrap = true
tracks/2/keys = {
"times": PackedFloat32Array(0.1998),
"transitions": PackedFloat32Array(1),
"values": [{
"args": [],
"method": &"_slap"
}]
}

[sub_resource type="Animation" id="Animation_r2qqc"]
resource_name = "SlapperEquip"
length = 0.25
step = 0.05
tracks/0/type = "rotation_3d"
tracks/0/imported = false
tracks/0/enabled = true
tracks/0/path = NodePath("Slapper")
tracks/0/interp = 1
tracks/0/loop_wrap = true
tracks/0/keys = PackedFloat32Array(0, 1, 0.164924, 0.936935, -0.262137, 0.16198, 0.25, 1, 0.0717863, 0.909558, 0.403964, 0.0660546)
tracks/1/type = "position_3d"
tracks/1/imported = false
tracks/1/enabled = true
tracks/1/path = NodePath("Slapper")
tracks/1/interp = 1
tracks/1/loop_wrap = true
tracks/1/keys = PackedFloat32Array(0, 1, 0.14, -0.2, -0.145, 0.25, 1, 0.14, -0.13, -0.145)

[sub_resource type="Animation" id="Animation_pah7n"]
resource_name = "SlapperUnequip"
length = 0.25
step = 0.05
tracks/0/type = "position_3d"
tracks/0/imported = false
tracks/0/enabled = true
tracks/0/path = NodePath("Slapper")
tracks/0/interp = 1
tracks/0/loop_wrap = true
tracks/0/keys = PackedFloat32Array(0, 1, 0.14, -0.13, -0.145, 0.25, 1, 0.14, -0.2, -0.145)
tracks/1/type = "rotation_3d"
tracks/1/imported = false
tracks/1/enabled = true
tracks/1/path = NodePath("Slapper")
tracks/1/interp = 1
tracks/1/loop_wrap = true
tracks/1/keys = PackedFloat32Array(0, 1, 0.0717864, 0.909558, 0.403964, 0.0660545, 0.25, 1, 0.166762, 0.930257, -0.282732, 0.163937)

[sub_resource type="AnimationLibrary" id="AnimationLibrary_3q633"]
_data = {
"PistolEquip": SubResource("Animation_37gcc"),
"PistolShoot": SubResource("Animation_2htne"),
"PistolUnequip": SubResource("Animation_p4hij"),
"RESET": SubResource("Animation_chyh5"),
"RifleEquip": SubResource("Animation_yquew"),
"RifleShoot": SubResource("Animation_vnien"),
"RifleUnequip": SubResource("Animation_6e0nd"),
"SMGEquip": SubResource("Animation_2xlax"),
"SMGShoot": SubResource("Animation_wkgcg"),
"SMGUnequip": SubResource("Animation_ws6cv"),
"ShotgunEquip": SubResource("Animation_mey44"),
"ShotgunShoot": SubResource("Animation_l34i7"),
"ShotgunUnequip": SubResource("Animation_ij2ii"),
"Slap": SubResource("Animation_28y8p"),
"SlapperEquip": SubResource("Animation_r2qqc"),
"SlapperUnequip": SubResource("Animation_pah7n")
}

[sub_resource type="LabelSettings" id="LabelSettings_byxgu"]
font_size = 76
font_color = Color(1, 0.152941, 0.109804, 1)

[sub_resource type="LabelSettings" id="LabelSettings_tg22j"]
font_size = 68
font_color = Color(0, 0.376471, 0.560784, 1)

[sub_resource type="LabelSettings" id="LabelSettings_6sj48"]
font_size = 48
font_color = Color(0.207843, 0.207843, 0.207843, 1)

[sub_resource type="LabelSettings" id="LabelSettings_j2l27"]
font_size = 48
font_color = Color(0.207843, 0.207843, 0.207843, 1)

[node name="Player" instance=ExtResource("1_sksl4")]
script = ExtResource("2_p530v")

[node name="Weapons" parent="." index="1"]
transform = Transform3D(0.848691, -0.0731398, 0.523808, -0.241348, 0.827704, 0.506613, -0.470612, -0.556378, 0.684812, 0.167067, 1.4542, -0.378276)

[node name="Mesh" parent="Weapons/Pistol" index="0"]
cast_shadow = 3

[node name="Mesh" parent="Weapons/SMG" index="0"]
cast_shadow = 3

[node name="Mesh" parent="Weapons/Rifle" index="0"]
cast_shadow = 3

[node name="Mesh" parent="Weapons/Shotgun" index="0"]
cast_shadow = 3

[node name="FPWeapons" type="Node3D" parent="AimHelper" index="0"]

[node name="Slapper" parent="AimHelper/FPWeapons" index="0" instance=ExtResource("7_of6tn")]
transform = Transform3D(-0.893125, 0.393968, 0.217064, 0.224124, 0.808168, -0.544639, -0.389995, -0.437781, -0.810093, 0.14, -0.2, -0.145)
material_override = SubResource("StandardMaterial3D_hm4ms")
surface_material_override/0 = SubResource("StandardMaterial3D_15itc")

[node name="Pistol" parent="AimHelper/FPWeapons" index="1" instance=ExtResource("8_wni34")]
transform = Transform3D(-1, 1.22158e-07, 8.8753e-08, 1.06581e-13, 0.587785, -0.809017, -1.50996e-07, -0.809017, -0.587785, 0.08, -0.275, -0.16)
visible = false

[node name="SMG" parent="AimHelper/FPWeapons" index="2" instance=ExtResource("5_jery0")]
transform = Transform3D(1, 0, 0, 0, 1, 0, 0, 0, 1, 0.09, -0.16, -0.135)
visible = false

[node name="Rifle" parent="AimHelper/FPWeapons" index="3" instance=ExtResource("9_kxdh1")]
transform = Transform3D(-1, 9.08716e-08, 1.20591e-07, -4.9738e-14, 0.798636, -0.601816, -1.50996e-07, -0.601816, -0.798636, 0.105, -0.4, -0.275)
visible = false
surface_material_override/0 = SubResource("StandardMaterial3D_5y7vo")

[node name="Shotgun" parent="AimHelper/FPWeapons" index="4" instance=ExtResource("10_0co2x")]
transform = Transform3D(1, 0, 0, 0, 1, 0, 0, 0, 1, 0.085, -0.175, -0.215)
visible = false
surface_material_override/0 = SubResource("StandardMaterial3D_iala0")

[node name="FPAnimator" type="AnimationPlayer" parent="AimHelper/FPWeapons" index="5"]
unique_name_in_owner = true
libraries = {
"": SubResource("AnimationLibrary_3q633")
}
autoplay = "SlapperEquip"

[node name="RemoteTransform3D" type="RemoteTransform3D" parent="AimHelper/Camera" index="0"]
transform = Transform3D(1, 0, 0, 0, 1, 0, 0, 0, 1, 0, 0, 0.210124)
remote_path = NodePath("../../../CanvasLayer/SubViewportContainer/SubViewport/FPCamera")

[node name="Skeleton3D" parent="Puppet" index="2"]
bones/1/position = Vector3(-1.04305e-09, 0.89228, -0.0641973)
bones/2/rotation = Quaternion(-0.140878, 0.000876607, 0.0026292, 0.990023)
bones/4/rotation = Quaternion(0.0855168, 0.0131594, 0.0182702, 0.996082)
bones/5/rotation = Quaternion(-0.019317, -0.000125914, -0.000802902, 0.999813)
bones/7/rotation = Quaternion(-0.184672, 0.254621, -0.491717, 0.81196)
bones/8/rotation = Quaternion(0.259395, 0.0352004, -0.0505084, 0.963807)
bones/9/rotation = Quaternion(-0.0150483, -0.334174, -0.0139134, 0.942289)
bones/11/rotation = Quaternion(-0.137988, -0.0285901, 0.156478, 0.977577)
bones/14/rotation = Quaternion(0.0633707, -0.171557, -0.0816123, 0.979741)
bones/17/rotation = Quaternion(-0.308361, -0.0313597, 0.26978, 0.911674)
bones/20/rotation = Quaternion(0.191023, 0.110728, 0.513928, 0.828931)
bones/21/rotation = Quaternion(0.700259, -0.0255775, 0.13635, 0.70028)
bones/22/rotation = Quaternion(0.146753, 0.252988, -0.0592034, 0.95444)
bones/24/rotation = Quaternion(-0.135742, 0.0450932, -0.1414, 0.979565)
bones/25/rotation = Quaternion(-0.0637551, 0.0115329, 0.0265116, 0.997547)
bones/27/rotation = Quaternion(0.0979424, 0.159609, 0.108011, 0.976353)
bones/28/rotation = Quaternion(0.0891201, -0.133481, -0.0661323, 0.984818)
bones/30/rotation = Quaternion(-0.528762, -0.387261, 0.594341, 0.466046)
bones/33/rotation = Quaternion(-0.58531, 0.216457, -0.171458, 0.762339)
bones/34/rotation = Quaternion(-0.0911266, 0.00386291, 0.139614, 0.985996)
bones/35/rotation = Quaternion(0.268939, -0.131943, -0.630562, 0.715999)
bones/38/rotation = Quaternion(-0.525195, -0.0578283, 0.334971, 0.780141)
bones/39/rotation = Quaternion(-0.133811, -0.00379848, -0.205011, 0.969562)
bones/40/rotation = Quaternion(0.224183, 0.128704, 0.517453, 0.815732)

[node name="Body" parent="Puppet/Skeleton3D" index="0"]
cast_shadow = 3

[node name="Head" parent="Puppet/Skeleton3D" index="1"]
transform = Transform3D(-0.999991, -0.00421279, 0.000488924, -0.00423069, 0.982827, -0.184481, 0.000296651, -0.184482, -0.982836, -0.000687009, 1.57187, -0.0427574)

[node name="HeadArea" parent="Puppet/Skeleton3D/Head" index="0"]
collision_layer = 4
collision_mask = 1

[node name="Neck" parent="Puppet/Skeleton3D" index="2"]
transform = Transform3D(-0.999997, -0.00259013, 0.000368487, -0.00260724, 0.974973, -0.222308, 0.00021654, -0.222308, -0.974976, -0.000520759, 1.50929, -0.0284883)

[node name="NeckArea" parent="Puppet/Skeleton3D/Neck" index="0"]
collision_layer = 4
collision_mask = 1

[node name="Chest" parent="Puppet/Skeleton3D" index="3"]
transform = Transform3D(-0.999985, 0.00545304, -0.000995305, 0.00517134, 0.982403, 0.1867, 0.00199588, 0.186692, -0.982416, -1.94964e-09, 1.13045, -0.0868667)

[node name="ChestArea" parent="Puppet/Skeleton3D/Chest" index="0"]
collision_layer = 4
collision_mask = 1

[node name="Stomach" parent="Puppet/Skeleton3D" index="4"]
transform = Transform3D(-1, -3.78941e-09, -3.89234e-07, 3.31093e-08, 0.995501, -0.0947544, 3.87842e-07, -0.0947544, -0.995501, -1.04305e-09, 0.89228, -0.0641973)

[node name="StomachArea" parent="Puppet/Skeleton3D/Stomach" index="0"]
collision_layer = 4
collision_mask = 1

[node name="R_UpperArm" parent="Puppet/Skeleton3D" index="5"]
transform = Transform3D(0.985852, 0.162937, -0.0393325, 0.146281, -0.721772, 0.676496, 0.0818375, -0.672679, -0.735395, 0.194602, 1.39254, -0.0349792)

[node name="R_UpperArmArea" parent="Puppet/Skeleton3D/R_UpperArm" index="0"]
collision_layer = 4
collision_mask = 1

[node name="R_Forearm" parent="Puppet/Skeleton3D" index="6"]
transform = Transform3D(0.964265, -0.264798, -0.00870234, 0.18209, 0.63851, 0.747763, -0.19245, -0.722625, 0.663909, 0.228603, 1.24193, -0.175348)

[node name="R_ForearmArea" parent="Puppet/Skeleton3D/R_Forearm" index="0"]
collision_layer = 4
collision_mask = 1

[node name="R_Hand" parent="Puppet/Skeleton3D" index="7"]
transform = Transform3D(0.84869, -0.0731398, 0.523808, -0.241348, 0.827704, 0.506613, -0.470612, -0.556378, 0.684812, 0.174241, 1.37301, -0.323699)

[node name="R_HandArea" parent="Puppet/Skeleton3D/R_Hand" index="0"]
collision_layer = 4
collision_mask = 1

[node name="L_UpperArm" parent="Puppet/Skeleton3D" index="8"]
transform = Transform3D(0.977196, -0.192084, 0.0905034, -0.155345, -0.937297, -0.311997, 0.144758, 0.290823, -0.945763, -0.195319, 1.392, -0.0349371)

[node name="L_UpperArmArea" parent="Puppet/Skeleton3D/L_UpperArm" index="0"]
collision_layer = 4
collision_mask = 1

[node name="L_Forearm" parent="Puppet/Skeleton3D" index="9"]
transform = Transform3D(0.97647, -0.00733803, 0.215527, -0.0506832, -0.979236, 0.196286, 0.209612, -0.202591, -0.956567, -0.235402, 1.19641, 0.0257495)

[node name="L_ForearmArea" parent="Puppet/Skeleton3D/L_Forearm" index="0"]
collision_layer = 4
collision_mask = 1

[node name="L_Hand" parent="Puppet/Skeleton3D" index="10"]
transform = Transform3D(0.893946, 0.0239848, -0.447533, 0.100183, -0.983994, 0.147379, -0.436835, -0.176584, -0.882039, -0.236908, 0.995381, -0.015841)

[node name="L_HandArea" parent="Puppet/Skeleton3D/L_Hand" index="0"]
collision_layer = 4
collision_mask = 1

[node name="R_Thigh" parent="Puppet/Skeleton3D" index="11"]
transform = Transform3D(0.487559, 0.0608834, 0.870965, -0.304394, -0.923122, 0.234927, 0.81831, -0.379657, -0.431544, 0.0851499, 0.87479, -0.0593682)

[node name="R_ThighArea" parent="Puppet/Skeleton3D/R_Thigh" index="0"]
collision_layer = 4
collision_mask = 1

[node name="R_Shin" parent="Puppet/Skeleton3D" index="12"]
transform = Transform3D(0.47662, 0.0232672, 0.878801, 0.101863, -0.994378, -0.0289183, 0.873188, 0.1033, -0.476311, 0.110731, 0.486932, -0.218885)

[node name="R_ShinArea" parent="Puppet/Skeleton3D/R_Shin" index="0"]
collision_layer = 4
collision_mask = 1

[node name="R_Foot" parent="Puppet/Skeleton3D" index="13"]
transform = Transform3D(0.245939, 0.0720783, 0.966602, -0.853541, -0.456465, 0.25121, 0.459327, -0.886817, -0.0507409, 0.119461, 0.113834, -0.180126)

[node name="R_FootArea" parent="Puppet/Skeleton3D/R_Foot" index="0"]
collision_layer = 4
collision_mask = 1

[node name="L_Thigh" parent="Puppet/Skeleton3D" index="14"]
transform = Transform3D(0.497559, -0.0526904, -0.865828, -0.0977407, -0.995202, 0.00439554, -0.861906, 0.0824396, -0.500322, -0.0851499, 0.87479, -0.0593682)

[node name="L_ThighArea" parent="Puppet/Skeleton3D/L_Thigh" index="0"]
collision_layer = 4
collision_mask = 1

[node name="L_Shin" parent="Puppet/Skeleton3D" index="15"]
transform = Transform3D(0.492305, -0.0324423, -0.869818, -0.367369, -0.913683, -0.173847, -0.789098, 0.40513, -0.461729, -0.107288, 0.456646, -0.0247304)

[node name="L_ShinArea" parent="Puppet/Skeleton3D/L_Shin" index="0"]
collision_layer = 4
collision_mask = 1

[node name="L_Foot" parent="Puppet/Skeleton3D" index="16"]
transform = Transform3D(0.245939, -0.0720758, -0.966602, 0.853542, -0.456465, 0.251209, -0.459327, -0.886817, -0.0507428, -0.119461, 0.113826, 0.127277)

[node name="L_FootArea" parent="Puppet/Skeleton3D/L_Foot" index="0"]
collision_layer = 4
collision_mask = 1

[node name="CanvasLayer" type="CanvasLayer" parent="." index="8"]

[node name="SubViewportContainer" type="SubViewportContainer" parent="CanvasLayer" index="0"]
anchors_preset = 15
anchor_right = 1.0
anchor_bottom = 1.0
grow_horizontal = 2
grow_vertical = 2
stretch = true

[node name="SubViewport" type="SubViewport" parent="CanvasLayer/SubViewportContainer" index="0"]
transparent_bg = true
handle_input_locally = false
size = Vector2i(1920, 1080)
render_target_update_mode = 4

[node name="FPCamera" type="Camera3D" parent="CanvasLayer/SubViewportContainer/SubViewport" index="0"]
transform = Transform3D(1, 0, 0, 0, 1, 0, 0, 0, 1, 0, 1.65, 0)
cull_mask = 8
current = true

[node name="UI" type="Control" parent="CanvasLayer" index="1"]
process_mode = 3
layout_mode = 3
anchors_preset = 8
anchor_left = 0.5
anchor_top = 0.5
anchor_right = 0.5
anchor_bottom = 0.5
grow_horizontal = 2
grow_vertical = 2
pivot_offset = Vector2(960, 540)
script = ExtResource("7_bolck")

[node name="Crosshair" type="Sprite2D" parent="CanvasLayer/UI" index="0"]
scale = Vector2(1.2, 1.2)
texture = ExtResource("11_ky6qt")

[node name="Health" type="BoxContainer" parent="CanvasLayer/UI" index="1"]
layout_mode = 1
offset_left = -881.0
offset_top = -472.0
offset_right = -752.0
offset_bottom = -270.0
vertical = true

[node name="Health" type="Label" parent="CanvasLayer/UI/Health" index="0"]
unique_name_in_owner = true
layout_mode = 2
text = "100"
label_settings = SubResource("LabelSettings_byxgu")
vertical_alignment = 1

[node name="Armor" type="Label" parent="CanvasLayer/UI/Health" index="1"]
unique_name_in_owner = true
layout_mode = 2
text = "0
"
label_settings = SubResource("LabelSettings_tg22j")

[node name="Weapon" type="VBoxContainer" parent="CanvasLayer/UI" index="2"]
layout_mode = 0
offset_left = 724.0
offset_top = 331.0
offset_right = 821.0
offset_bottom = 469.0

[node name="AmmoInMag" type="Label" parent="CanvasLayer/UI/Weapon" index="0"]
unique_name_in_owner = true
layout_mode = 2
text = "0 / 0"
label_settings = SubResource("LabelSettings_6sj48")
horizontal_alignment = 2
vertical_alignment = 1

[node name="ExtraAmmo" type="Label" parent="CanvasLayer/UI/Weapon" index="1"]
unique_name_in_owner = true
layout_mode = 2
text = "0"
label_settings = SubResource("LabelSettings_j2l27")
horizontal_alignment = 2
vertical_alignment = 1

[connection signal="finished_reloading" from="Weapons/Pistol" to="." method="update_UI"]
[connection signal="finished_reloading" from="Weapons/SMG" to="." method="update_UI"]
[connection signal="finished_reloading" from="Weapons/Rifle" to="." method="update_UI"]
[connection signal="finished_reloading" from="Weapons/Shotgun" to="." method="update_UI"]

[editable path="Weapons/Pistol"]
[editable path="Weapons/Pistol/Mesh"]
[editable path="Weapons/SMG"]
[editable path="Weapons/SMG/Mesh"]
[editable path="Weapons/Rifle"]
[editable path="Weapons/Shotgun"]
[editable path="Puppet"]
