[gd_scene load_steps=12 format=3 uid="uid://bvtob15rpepds"]

[ext_resource type="PackedScene" uid="uid://1s5qidco641t" path="res://Characters/CharacterBase.tscn" id="1_a23yl"]
[ext_resource type="Script" path="res://Characters/Player.gd" id="2_aqpim"]
[ext_resource type="PackedScene" uid="uid://0r6eljbdbyqv" path="res://Props/FPSlapper.tscn" id="3_mqij6"]
[ext_resource type="PackedScene" uid="uid://by7wwhoru7x60" path="res://Props/FPPistol.tscn" id="4_wj3q8"]
[ext_resource type="PackedScene" uid="uid://btj7bcwc5cjwk" path="res://Props/FPRifle.tscn" id="5_ubj5j"]
[ext_resource type="Texture2D" uid="uid://dwg7182f40h5u" path="res://Characters/CrossHair.png" id="5_wk7d6"]

[sub_resource type="CapsuleShape3D" id="CapsuleShape3D_hykio"]
radius = 0.25
height = 1.75

[sub_resource type="LabelSettings" id="LabelSettings_lhp81"]
font_size = 76
font_color = Color(0.862745, 0.0980392, 0.0862745, 1)

[sub_resource type="LabelSettings" id="LabelSettings_kxml2"]
font_size = 68
font_color = Color(0.254902, 0, 1, 1)

[sub_resource type="LabelSettings" id="LabelSettings_ue0id"]
font_size = 48

[sub_resource type="StandardMaterial3D" id="StandardMaterial3D_tin5q"]
albedo_color = Color(0.839216, 0.6, 0.466667, 1)
subsurf_scatter_enabled = true
subsurf_scatter_strength = 1.0
subsurf_scatter_skin_mode = true

[node name="Player" instance=ExtResource("1_a23yl")]
script = ExtResource("2_aqpim")

[node name="Collision" parent="." index="0"]
shape = SubResource("CapsuleShape3D_hykio")

[node name="AimHelper" parent="." index="1"]
transform = Transform3D(1, 0, 0, 0, 1, 0, 0, 0, 1, 0, 1.6, 0)

[node name="ShootCast" parent="AimHelper" index="0"]
collision_mask = 9

[node name="MainCamera" type="Camera3D" parent="AimHelper" index="1"]
transform = Transform3D(1, 0, 0, 0, 1, 0, 0, 0, 1, 0, 0, -0.105338)
cull_mask = 1048567

[node name="RemoteTransform3D" type="RemoteTransform3D" parent="AimHelper/MainCamera" index="0"]
remote_path = NodePath("../../../CanvasLayer/GunViewContainer/GunView/GunCamera")

[node name="FPWeapons" type="Node3D" parent="AimHelper" index="2"]

[node name="Slapper" parent="AimHelper/FPWeapons" index="0" instance=ExtResource("3_mqij6")]
transform = Transform3D(-0.983385, -0.110577, 0.14397, 0.109524, 0.271082, 0.956305, -0.144773, 0.956184, -0.254467, 0.14, -0.205, -0.31)
skeleton = NodePath("")

[node name="Pistol" parent="AimHelper/FPWeapons" index="1" instance=ExtResource("4_wj3q8")]
transform = Transform3D(-1, 0, -2.62268e-07, 0, 1, 0, 2.62268e-07, 0, -1, 0.115, -0.14, -0.31)
visible = false

[node name="Rifle" parent="AimHelper/FPWeapons" index="2" instance=ExtResource("5_ubj5j")]
transform = Transform3D(-1, 0, -8.74228e-08, 0, 1, 0, 8.74228e-08, 0, -1, 0.125, -0.21, -0.315)
visible = false

[node name="Weapons" parent="." index="2"]
transform = Transform3D(-0.219185, -0.166282, -0.96141, -0.963898, 0.189596, 0.186961, 0.151191, 0.96768, -0.201835, 0.174617, 1.3762, -0.270989)

[node name="Mesh" parent="Weapons/Pistol" index="0"]
cast_shadow = 3

[node name="Mesh" parent="Weapons/Rifle" index="0"]
cast_shadow = 3

[node name="CanvasLayer" type="CanvasLayer" parent="." index="3"]
layer = 2

[node name="GunViewContainer" type="SubViewportContainer" parent="CanvasLayer" index="0"]
anchors_preset = 15
anchor_right = 1.0
anchor_bottom = 1.0
grow_horizontal = 2
grow_vertical = 2
size_flags_horizontal = 3
size_flags_vertical = 3
stretch = true

[node name="GunView" type="SubViewport" parent="CanvasLayer/GunViewContainer" index="0"]
transparent_bg = true
handle_input_locally = false
gui_disable_input = true
positional_shadow_atlas_size = 4096
size = Vector2i(1920, 1080)
render_target_update_mode = 4

[node name="GunCamera" type="Camera3D" parent="CanvasLayer/GunViewContainer/GunView" index="0"]
transform = Transform3D(1, 0, 0, 0, 1, 0, 0, 0, 1, 0, 1.6, -0.105338)
cull_mask = 8

[node name="UI" type="Control" parent="CanvasLayer" index="1"]
layout_mode = 3
anchors_preset = 15
anchor_right = 1.0
anchor_bottom = 1.0
offset_left = 960.0
offset_top = 540.0
offset_right = -960.0
offset_bottom = -540.0
grow_horizontal = 2
grow_vertical = 2
size_flags_horizontal = 4

[node name="Crosshairs" type="Sprite2D" parent="CanvasLayer/UI" index="0"]
scale = Vector2(0.5, 0.5)
texture = ExtResource("5_wk7d6")

[node name="Health" type="BoxContainer" parent="CanvasLayer/UI" index="1"]
layout_mode = 0
offset_left = -852.0
offset_top = -481.0
offset_right = -686.0
offset_bottom = -273.0
theme_override_constants/separation = -20
vertical = true

[node name="Health" type="Label" parent="CanvasLayer/UI/Health" index="0"]
unique_name_in_owner = true
layout_mode = 2
text = "100"
label_settings = SubResource("LabelSettings_lhp81")
vertical_alignment = 1

[node name="Armor" type="Label" parent="CanvasLayer/UI/Health" index="1"]
unique_name_in_owner = true
layout_mode = 2
text = "0"
label_settings = SubResource("LabelSettings_kxml2")

[node name="Weapon" type="VBoxContainer" parent="CanvasLayer/UI" index="2"]
layout_mode = 0
offset_left = 610.0
offset_top = 340.0
offset_right = 905.0
offset_bottom = 484.0
alignment = 2

[node name="AmmoInMag" type="Label" parent="CanvasLayer/UI/Weapon" index="0"]
unique_name_in_owner = true
layout_mode = 2
size_flags_horizontal = 8
size_flags_vertical = 6
text = "0 / 0"
label_settings = SubResource("LabelSettings_ue0id")
horizontal_alignment = 2
vertical_alignment = 1

[node name="ExtraAmmo" type="Label" parent="CanvasLayer/UI/Weapon" index="1"]
unique_name_in_owner = true
layout_mode = 2
text = "0"
label_settings = SubResource("LabelSettings_ue0id")
horizontal_alignment = 2
vertical_alignment = 1

[node name="Skeleton" parent="PuppetBase" index="2"]
bones/1/position = Vector3(1.61994e-09, 0.893599, -0.0641973)
bones/2/rotation = Quaternion(0.0099321, 6.72038e-05, 0.000764673, 0.99995)
bones/4/rotation = Quaternion(0.00871055, 8.2757e-05, 0.000664009, 0.999962)
bones/5/rotation = Quaternion(0.0115865, 9.30309e-05, 0.000887987, 0.999933)
bones/7/rotation = Quaternion(0.0104519, 0.88242, 0.270837, 0.384541)
bones/8/rotation = Quaternion(-0.017425, -0.723064, -0.0169309, 0.690353)
bones/9/rotation = Quaternion(-0.395398, 0.728111, 0.1424, 0.541514)
bones/11/rotation = Quaternion(0.0320808, -0.0155585, -0.0732185, 0.996678)
bones/14/rotation = Quaternion(0.0029435, 0.00524642, -0.00273476, 0.999978)
bones/17/rotation = Quaternion(0.335633, 0.065586, 0.0429812, 0.938723)
bones/20/rotation = Quaternion(-0.135811, 0.949401, 0.25381, 0.125593)
bones/21/rotation = Quaternion(0.245293, 0.392908, -0.238446, 0.85358)
bones/22/rotation = Quaternion(-0.255447, -0.83414, -0.126921, 0.472069)
bones/24/rotation = Quaternion(0.0106936, 0.0229163, 0.0662248, 0.997484)
bones/25/rotation = Quaternion(-0.00120627, -0.0180968, 0.0046625, 0.999825)
bones/27/rotation = Quaternion(-0.0059821, -0.0135671, -0.0398814, 0.999094)
bones/28/rotation = Quaternion(0.00490201, -0.0347331, 0.00785944, 0.999354)
bones/30/rotation = Quaternion(-0.346506, 0.491433, -0.553376, 0.57637)
bones/33/rotation = Quaternion(-0.139537, 0.0829835, 0.986583, -0.0172212)
bones/34/rotation = Quaternion(-0.0113657, 0.999414, 0.0322282, 0.00200384)
bones/35/rotation = Quaternion(0.0801356, 0.777652, -0.613106, 0.113739)
bones/38/rotation = Quaternion(0.133341, -0.151492, 0.979241, -0.0188806)
bones/39/rotation = Quaternion(0.0388318, 0.993137, 0.110111, -0.00684625)
bones/40/rotation = Quaternion(-0.0876073, 0.674063, -0.727207, -0.0955689)

[node name="Body" parent="PuppetBase/Skeleton" index="0"]
cast_shadow = 3
surface_material_override/0 = SubResource("StandardMaterial3D_tin5q")

[node name="Head" parent="PuppetBase/Skeleton" index="1"]
transform = Transform3D(0.999989, -0.00461636, 0.000625867, 0.00464574, 0.998162, -0.0604211, -0.000345791, 0.0604234, 0.998173, -0.000755408, 1.57313, -0.0418617)

[node name="HeadArea" parent="PuppetBase/Skeleton/Head" index="0"]
collision_layer = 4

[node name="Neck" parent="PuppetBase/Skeleton" index="2"]
transform = Transform3D(0.999999, -0.00152794, 0.000149591, 0.0015306, 0.999802, -0.0198631, -0.000119211, 0.0198633, 0.999803, 0.00174831, 1.45457, -0.024918)

[node name="NeckArea" parent="PuppetBase/Skeleton/Neck" index="0"]
collision_layer = 4

[node name="Chest" parent="PuppetBase/Skeleton" index="3"]
transform = Transform3D(0.999999, -0.00152794, 0.000149591, 0.0015306, 0.999802, -0.0198631, -0.000119211, 0.0198633, 0.999803, 7.13332e-10, 1.13177, -0.0868668)

[node name="ChestArea" parent="PuppetBase/Skeleton/Chest" index="0"]
collision_layer = 4

[node name="Stomach" parent="PuppetBase/Skeleton" index="4"]
transform = Transform3D(1, 0, 0, 0, 1, 0, 0, 0, 1, 1.61994e-09, 0.893599, -0.0641973)

[node name="StomachArea" parent="PuppetBase/Skeleton/Stomach" index="0"]
collision_layer = 4

[node name="R_UpperArm" parent="PuppetBase/Skeleton" index="5"]
transform = Transform3D(0.194734, -0.834907, -0.514791, -0.325563, 0.440067, -0.836869, 0.92525, 0.330564, -0.186119, 0.194566, 1.3938, -0.0345078)

[node name="R_UpperArmArea" parent="PuppetBase/Skeleton/R_UpperArm" index="0"]
collision_layer = 4

[node name="R_Forearm" parent="PuppetBase/Skeleton" index="6"]
transform = Transform3D(0.696912, -0.641804, 0.320002, 0.376897, -0.0518451, -0.924803, 0.610133, 0.765114, 0.205762, 0.229078, 1.24452, -0.176179)

[node name="R_ForearmArea" parent="PuppetBase/Skeleton/R_Forearm" index="0"]
collision_layer = 4

[node name="R_Hand" parent="PuppetBase/Skeleton" index="7"]
transform = Transform3D(-0.219185, -0.166282, -0.96141, -0.963898, 0.189596, 0.186961, 0.151191, 0.96768, -0.201835, 0.174617, 1.3762, -0.323968)

[node name="R_HandArea" parent="PuppetBase/Skeleton/R_Hand" index="0"]
collision_layer = 4

[node name="L_UpperArm" parent="PuppetBase/Skeleton" index="8"]
transform = Transform3D(0.227665, 0.852304, 0.4709, -0.658527, 0.491004, -0.570313, -0.717294, -0.180261, 0.67305, -0.195355, 1.3932, -0.0344614)

[node name="L_UpperArmArea" parent="PuppetBase/Skeleton/L_UpperArm" index="0"]
collision_layer = 4

[node name="L_Forearm" parent="PuppetBase/Skeleton" index="9"]
transform = Transform3D(0.461427, 0.862557, -0.207559, -0.538372, 0.458193, 0.707258, 0.705153, -0.214604, 0.675799, -0.235691, 1.19776, 0.0265388)

[node name="L_ForearmArea" parent="PuppetBase/Skeleton/L_Forearm" index="0"]
collision_layer = 4

[node name="L_Hand" parent="PuppetBase/Skeleton" index="10"]
transform = Transform3D(-0.22311, 0.266867, 0.937552, -0.776227, 0.533155, -0.336477, -0.589655, -0.802825, 0.0881972, -0.237539, 0.99662, -0.0145005)

[node name="L_HandArea" parent="PuppetBase/Skeleton/L_Hand" index="0"]
collision_layer = 4

[node name="R_Thigh" parent="PuppetBase/Skeleton" index="11"]
transform = Transform3D(-0.963727, -0.00342287, 0.266866, -0.0773775, -0.953387, -0.29166, 0.255425, -0.30173, 0.918541, 0.0851499, 0.87611, -0.0593682)

[node name="R_ThighArea" parent="PuppetBase/Skeleton/R_Thigh" index="0"]
collision_layer = 4

[node name="R_Shin" parent="PuppetBase/Skeleton" index="12"]
transform = Transform3D(0.966383, -0.0208908, -0.256256, -0.0014213, -0.997112, 0.0759276, -0.257102, -0.0730109, -0.963622, 0.110518, 0.487187, -0.21631)

[node name="R_ShinArea" parent="PuppetBase/Skeleton/R_Shin" index="0"]
collision_layer = 4

[node name="R_Foot" parent="PuppetBase/Skeleton" index="13"]
transform = Transform3D(-1, 8.9407e-08, -4.52623e-07, -4.28408e-07, 3.57628e-07, 1, 0, 1, -4.69387e-07, 0.11946, 0.113837, -0.180126)

[node name="R_FootArea" parent="PuppetBase/Skeleton/R_Foot" index="0"]
collision_layer = 4

[node name="L_Thigh" parent="PuppetBase/Skeleton" index="14"]
transform = Transform3D(-0.960466, 0.0108218, -0.278188, -0.0571389, -0.985634, 0.158934, -0.272472, 0.168546, 0.947286, -0.0851499, 0.87611, -0.0593682)

[node name="L_ThighArea" parent="PuppetBase/Skeleton/L_Thigh" index="0"]
collision_layer = 4

[node name="L_Shin" parent="PuppetBase/Skeleton" index="15"]
transform = Transform3D(0.961284, 0.0148327, 0.275162, 0.078635, -0.971796, -0.222328, 0.264104, 0.235358, -0.935337, -0.107041, 0.45828, -0.020981)

[node name="L_ShinArea" parent="PuppetBase/Skeleton/L_Shin" index="0"]
collision_layer = 4

[node name="L_Foot" parent="PuppetBase/Skeleton" index="16"]
transform = Transform3D(-1, -3.8743e-07, -1.11759e-07, -9.68575e-08, -2.98023e-08, 1, -3.57628e-07, 1, 0, -0.11946, 0.11383, 0.127276)

[node name="L_FootArea" parent="PuppetBase/Skeleton/L_Foot" index="0"]
collision_layer = 4

[connection signal="finished_reloading" from="Weapons/Pistol" to="." method="_update_UI"]
[connection signal="finished_reloading" from="Weapons/Rifle" to="." method="_update_UI"]

[editable path="Weapons/Pistol"]
[editable path="Weapons/Pistol/Mesh"]
[editable path="Weapons/Rifle"]
[editable path="PuppetBase"]
