[gd_scene load_steps=7 format=3 uid="uid://bvtob15rpepds"]

[ext_resource type="PackedScene" uid="uid://1s5qidco641t" path="res://Characters/CharacterBase.tscn" id="1_l1vxh"]
[ext_resource type="Script" path="res://Characters/Player.gd" id="2_pimkv"]
[ext_resource type="Script" path="res://Characters/Pause.gd" id="3_dkci2"]
[ext_resource type="Texture2D" uid="uid://dwg7182f40h5u" path="res://Characters/CrossHair.png" id="4_vym86"]

[sub_resource type="CapsuleShape3D" id="CapsuleShape3D_hykio"]
radius = 0.25
height = 1.75

[sub_resource type="LabelSettings" id="LabelSettings_ue0id"]
font_size = 48

[node name="Player" instance=ExtResource("1_l1vxh")]
script = ExtResource("2_pimkv")

[node name="Collision" parent="." index="0"]
shape = SubResource("CapsuleShape3D_hykio")

[node name="AimHelper" parent="." index="1"]
transform = Transform3D(1, 0, 0, 0, 1, 0, 0, 0, 1, 0, 1.6, 0)

[node name="ShootCast" parent="AimHelper" index="0"]
collision_mask = 9

[node name="MainCamera" type="Camera3D" parent="AimHelper" index="1"]
transform = Transform3D(1, 0, 0, 0, 1, 0, 0, 0, 1, 0, 0, -0.105338)
cull_mask = 1048573

[node name="RemoteTransform3D" type="RemoteTransform3D" parent="AimHelper/MainCamera" index="0"]
remote_path = NodePath("../../../CanvasLayer/SubViewportContainer/SubViewport/GunCamera")

[node name="Skeleton3D" parent="PuppetAnimations/Character" index="0"]
bones/1/position = Vector3(-2.89602e-10, 0.89428, -0.0641973)
bones/1/rotation = Quaternion(7.33823e-09, 0.998875, -0.0474306, -1.94488e-07)
bones/2/rotation = Quaternion(-0.15061, 0.000535597, 0.00337638, 0.988587)
bones/4/rotation = Quaternion(0.101682, 0.0135764, 0.0184702, 0.994553)
bones/5/rotation = Quaternion(0.00750368, 0.00121827, -0.00240329, 0.999968)
bones/7/rotation = Quaternion(0.651947, -0.192417, -0.553762, 0.480924)
bones/8/rotation = Quaternion(0.17557, 0.0359117, -0.0341857, 0.983218)
bones/10/rotation = Quaternion(0.498702, 0.226916, 0.607646, 0.574954)
bones/11/rotation = Quaternion(0.44155, -0.0325987, 0.0859756, 0.892513)
bones/12/position = Vector3(-0.0204268, 0.323083, 0.337722)
bones/12/rotation = Quaternion(-0.420903, -0.17798, -0.539718, 0.707013)
bones/15/rotation = Quaternion(-0.136752, -0.0311937, 0.100512, 0.984999)
bones/16/rotation = Quaternion(-0.352684, -0.0473181, -0.50171, 0.788455)
bones/21/rotation = Quaternion(0.00413222, -0.168782, -0.154747, 0.973421)
bones/22/rotation = Quaternion(-0.394365, 0.0948889, -0.480339, 0.777654)
bones/26/rotation = Quaternion(-0.368907, -0.0234359, 0.416803, 0.830442)
bones/27/rotation = Quaternion(-0.105765, -0.0530162, -0.0569686, 0.991341)
bones/28/rotation = Quaternion(0.485171, 0.318489, -0.130619, 0.803811)
bones/29/rotation = Quaternion(0.421023, 0.231662, -0.183243, 0.85761)
bones/30/position = Vector3(-0.0488562, 0.332624, 0.332048)
bones/30/rotation = Quaternion(-0.42215, 0.0391671, 0.481032, 0.767374)
bones/33/rotation = Quaternion(-0.244851, 0.183849, 0.0430019, 0.950999)
bones/34/rotation = Quaternion(-0.38701, -0.00258394, 0.473995, 0.790914)
bones/39/rotation = Quaternion(-0.0280183, 0.194239, 0.268623, 0.943042)
bones/40/rotation = Quaternion(-0.46123, -0.0717649, 0.471175, 0.748405)
bones/44/rotation = Quaternion(-0.240005, -0.529209, 0.632703, 0.511881)
bones/45/rotation = Quaternion(-0.209561, -0.246504, 0.40331, 0.855956)
bones/46/rotation = Quaternion(-0.194776, -0.611241, 0.766781, -0.0222222)
bones/47/rotation = Quaternion(0.104558, 0.435585, -0.727448, 0.519763)
bones/49/rotation = Quaternion(-0.55271, 0.324511, -0.247844, 0.726483)
bones/50/rotation = Quaternion(-0.0838205, 0.00387134, 0.12842, 0.988164)
bones/52/rotation = Quaternion(-0.521549, -0.155823, 0.417337, 0.727693)
bones/53/rotation = Quaternion(-0.11631, -0.00382797, -0.178197, 0.977089)
bones/54/position = Vector3(-0.11946, 0.113842, 0.126346)
bones/54/rotation = Quaternion(0.64937, -0.347814, -0.514224, 0.439225)
bones/56/rotation = Quaternion(0.00495412, -0.00577784, -0.163837, 0.986458)
bones/59/position = Vector3(-0.114721, 0.482147, -0.290625)
bones/60/position = Vector3(-0.324582, 0.962178, -0.428659)
bones/60/rotation = Quaternion(0.565929, -0.423939, -0.423939, 0.565929)
bones/61/position = Vector3(0.11946, 0.113841, -0.203503)
bones/61/rotation = Quaternion(0.64937, 0.347814, 0.514224, 0.439225)
bones/63/rotation = Quaternion(0.00495412, 0.00577784, 0.163837, 0.986458)
bones/66/position = Vector3(0.114721, 0.482147, -0.290625)
bones/67/position = Vector3(0.177047, 0.971755, -0.536806)
bones/67/rotation = Quaternion(0.565929, 0.423939, 0.423939, 0.565929)

[node name="Body" parent="PuppetAnimations/Character/Skeleton3D" index="0"]
cast_shadow = 3

[node name="Head" parent="PuppetAnimations/Character/Skeleton3D" index="1"]
transform = Transform3D(-0.999986, -0.00493303, -0.00200863, -0.00427639, 0.968406, -0.249341, 0.00317517, -0.249329, -0.968414, 1.48979e-05, 1.57246, -0.0361169)

[node name="HeadArea" parent="PuppetAnimations/Character/Skeleton3D/Head" index="0"]
collision_layer = 4

[node name="Neck" parent="PuppetAnimations/Character/Skeleton3D" index="2"]
transform = Transform3D(-1, -0.000114185, 0.000390097, -0.00020257, 0.97205, -0.234775, -0.000352388, -0.234775, -0.97205, 2.22269e-05, 1.51007, -0.0210477)

[node name="NeckArea" parent="PuppetAnimations/Character/Skeleton3D/Neck" index="0"]
collision_layer = 4

[node name="Chest" parent="PuppetAnimations/Character/Skeleton3D" index="3"]
transform = Transform3D(-0.999977, 0.00683714, -4.23102e-05, 0.0066818, 0.978531, 0.205989, 0.00144978, 0.205985, -0.978554, -1.1962e-09, 1.13245, -0.0868667)

[node name="ChestArea" parent="PuppetAnimations/Character/Skeleton3D/Chest" index="0"]
collision_layer = 4

[node name="Stomach" parent="PuppetAnimations/Character/Skeleton3D" index="4"]
transform = Transform3D(-1, -3.78941e-09, -3.89234e-07, 3.31093e-08, 0.9955, -0.0947544, 3.87842e-07, -0.0947544, -0.995501, -2.89602e-10, 0.89428, -0.0641973)

[node name="StomachArea" parent="PuppetAnimations/Character/Skeleton3D/Stomach" index="0"]
collision_layer = 4

[node name="L_UpperArm" parent="PuppetAnimations/Character/Skeleton3D" index="5"]
transform = Transform3D(0.865328, 0.485733, 0.123573, -0.222768, 0.151876, 0.962968, 0.448978, -0.860812, 0.239628, -0.194952, 1.39323, -0.0299286)

[node name="L_UpperArmArea" parent="PuppetAnimations/Character/Skeleton3D/L_UpperArm" index="0"]
collision_layer = 4

[node name="L_Forearm" parent="PuppetAnimations/Character/Skeleton3D" index="6"]
transform = Transform3D(0.824336, 0.566095, -0.00253382, -0.30953, 0.45447, 0.835253, 0.473984, -0.687745, 0.54986, -0.0935932, 1.42492, -0.209556)

[node name="L_ForearmArea" parent="PuppetAnimations/Character/Skeleton3D/L_Forearm" index="0"]
collision_layer = 4

[node name="L_Hand" parent="PuppetAnimations/Character/Skeleton3D" index="7"]
transform = Transform3D(-0.35827, -0.912531, -0.197307, -0.452388, -0.0151886, 0.891691, -0.816693, 0.408726, -0.407376, 0.022621, 1.51803, -0.350825)

[node name="L_HandArea" parent="PuppetAnimations/Character/Skeleton3D/L_Hand" index="0"]
collision_layer = 4

[node name="R_UpperArm" parent="PuppetAnimations/Character/Skeleton3D" index="8"]
transform = Transform3D(0.946195, -0.323477, -0.00878265, -0.0193974, -0.0837889, 0.996294, -0.323015, -0.942519, -0.085555, 0.19497, 1.39317, -0.0297076)

[node name="R_UpperArmArea" parent="PuppetAnimations/Character/Skeleton3D/R_UpperArm" index="0"]
collision_layer = 4

[node name="R_Forearm" parent="PuppetAnimations/Character/Skeleton3D" index="9"]
transform = Transform3D(0.888687, -0.371884, 0.268213, 0.104101, 0.73333, 0.671855, -0.446541, -0.569147, 0.690415, 0.127469, 1.37569, -0.226385)

[node name="R_ForearmArea" parent="PuppetAnimations/Character/Skeleton3D/R_Forearm" index="0"]
collision_layer = 4

[node name="R_Hand" parent="PuppetAnimations/Character/Skeleton3D" index="10"]
transform = Transform3D(-0.529294, 0.772576, 0.350676, 0.597582, 0.0460624, 0.800483, 0.602282, 0.633249, -0.486058, 0.0511152, 1.526, -0.343349)

[node name="R_HandArea" parent="PuppetAnimations/Character/Skeleton3D/R_Hand" index="0"]
collision_layer = 4

[node name="L_Thigh" parent="PuppetAnimations/Character/Skeleton3D" index="11"]
transform = Transform3D(0.718003, -0.0629097, -0.693192, -0.107293, -0.994007, -0.0209233, -0.687721, 0.0893973, -0.72045, -0.0851499, 0.876791, -0.0593682)

[node name="L_ThighArea" parent="PuppetAnimations/Character/Skeleton3D/L_Thigh" index="0"]
collision_layer = 4

[node name="L_Shin" parent="PuppetAnimations/Character/Skeleton3D" index="12"]
transform = Transform3D(0.6986, -0.128504, -0.703878, -0.354774, -0.916508, -0.184792, -0.621364, 0.378814, -0.685863, -0.111582, 0.459148, -0.021807)

[node name="L_ShinArea" parent="PuppetAnimations/Character/Skeleton3D/L_Shin" index="0"]
collision_layer = 4

[node name="L_Foot" parent="PuppetAnimations/Character/Skeleton3D" index="13"]
transform = Transform3D(0.245937, -0.0720779, -0.966602, 0.853542, -0.456465, 0.251209, -0.459327, -0.886817, -0.0507405, -0.11946, 0.113842, 0.126346)

[node name="L_FootArea" parent="PuppetAnimations/Character/Skeleton3D/L_Foot" index="0"]
collision_layer = 4

[node name="R_Thigh" parent="PuppetAnimations/Character/Skeleton3D" index="14"]
transform = Transform3D(0.687215, -0.0598462, 0.723985, -0.304752, -0.928416, 0.212529, 0.659441, -0.366689, -0.65626, 0.0851499, 0.876791, -0.0593682)

[node name="R_ThighArea" parent="PuppetAnimations/Character/Skeleton3D/R_Thigh" index="0"]
collision_layer = 4

[node name="R_Shin" parent="PuppetAnimations/Character/Skeleton3D" index="15"]
transform = Transform3D(0.699764, 0.0219269, 0.714038, 0.0474864, -0.998745, -0.0158673, 0.712794, 0.0450104, -0.699928, 0.0600049, 0.486707, -0.213436)

[node name="R_ShinArea" parent="PuppetAnimations/Character/Skeleton3D/R_Shin" index="0"]
collision_layer = 4

[node name="R_Foot" parent="PuppetAnimations/Character/Skeleton3D" index="16"]
transform = Transform3D(0.245937, 0.0720779, 0.966602, -0.853542, -0.456465, 0.251209, 0.459327, -0.886817, -0.0507405, 0.11946, 0.113841, -0.203503)

[node name="R_FootArea" parent="PuppetAnimations/Character/Skeleton3D/R_Foot" index="0"]
collision_layer = 4

[node name="AnimationTree" parent="PuppetAnimations" index="2"]
parameters/Idle/IdleUpper_Blend/blend_position = Vector2(1, 1)
parameters/Run/RunUpper_Blend/blend_position = Vector2(1, 1)

[node name="CanvasLayer" type="CanvasLayer" parent="." index="3"]

[node name="SubViewportContainer" type="SubViewportContainer" parent="CanvasLayer" index="0"]
anchors_preset = 15
anchor_right = 1.0
anchor_bottom = 1.0
grow_horizontal = 2
grow_vertical = 2
size_flags_horizontal = 3
size_flags_vertical = 3
stretch = true

[node name="SubViewport" type="SubViewport" parent="CanvasLayer/SubViewportContainer" index="0"]
transparent_bg = true
handle_input_locally = false
gui_disable_input = true
positional_shadow_atlas_size = 4096
size = Vector2i(1920, 1080)
render_target_update_mode = 4

[node name="GunCamera" type="Camera3D" parent="CanvasLayer/SubViewportContainer/SubViewport" index="0"]
transform = Transform3D(1, 0, 0, 0, 1, 0, 0, 0, 1, 0, 1.6, -0.105338)
cull_mask = 14
fov = 74.96
near = 0.01

[node name="UI" type="Control" parent="CanvasLayer" index="1"]
layout_mode = 3
anchors_preset = 15
anchor_right = 1.0
anchor_bottom = 1.0
offset_left = 960.0
offset_top = 540.0
offset_right = -960.0
offset_bottom = -540.0
grow_horizontal = 2
grow_vertical = 2
size_flags_horizontal = 4

[node name="Crosshairs" type="Sprite2D" parent="CanvasLayer/UI" index="0"]
scale = Vector2(0.5, 0.5)
texture = ExtResource("4_vym86")

[node name="VBoxContainer" type="VBoxContainer" parent="CanvasLayer/UI" index="1"]
layout_mode = 0
offset_left = 610.0
offset_top = 340.0
offset_right = 905.0
offset_bottom = 484.0
alignment = 2

[node name="AmmoInMag" type="Label" parent="CanvasLayer/UI/VBoxContainer" index="0"]
unique_name_in_owner = true
layout_mode = 2
size_flags_horizontal = 8
size_flags_vertical = 6
text = "0 / 0"
label_settings = SubResource("LabelSettings_ue0id")
horizontal_alignment = 2
vertical_alignment = 1

[node name="ExtraAmmo" type="Label" parent="CanvasLayer/UI/VBoxContainer" index="1"]
unique_name_in_owner = true
layout_mode = 2
text = "0
"
label_settings = SubResource("LabelSettings_ue0id")
horizontal_alignment = 2
vertical_alignment = 1

[node name="Pause" type="Node" parent="." index="7"]
process_mode = 3
script = ExtResource("3_dkci2")

[editable path="PuppetAnimations"]
