[gd_scene load_steps=28 format=3 uid="uid://dmcns46qj2v0"]

[ext_resource type="PackedScene" uid="uid://dqci864cffaqh" path="res://Characters/PuppetAnimations.glb" id="1_dfyuu"]
[ext_resource type="Script" path="res://Characters/BodySeg.gd" id="2_ppfqh"]

[sub_resource type="StandardMaterial3D" id="StandardMaterial3D_5mv68"]
albedo_color = Color(0.839216, 0.6, 0.466667, 1)
subsurf_scatter_enabled = true
subsurf_scatter_strength = 1.0
subsurf_scatter_skin_mode = true

[sub_resource type="SphereShape3D" id="SphereShape3D_wi6ax"]
radius = 0.11

[sub_resource type="CylinderShape3D" id="CylinderShape3D_564db"]
height = 0.159926
radius = 0.0492185

[sub_resource type="BoxShape3D" id="BoxShape3D_v2mf5"]
size = Vector3(0.323611, 0.362438, 0.162884)

[sub_resource type="BoxShape3D" id="BoxShape3D_2gvo0"]
size = Vector3(0.244271, 0.211516, 0.155627)

[sub_resource type="CapsuleShape3D" id="CapsuleShape3D_7l71l"]
radius = 0.0668428
height = 0.300754

[sub_resource type="CapsuleShape3D" id="CapsuleShape3D_1u0vt"]
radius = 0.0427238
height = 0.243896

[sub_resource type="BoxShape3D" id="BoxShape3D_lcgma"]
size = Vector3(0.0704508, 0.0376062, 0.10568)

[sub_resource type="CapsuleShape3D" id="CapsuleShape3D_oqw25"]
radius = 0.0786428
height = 0.49969

[sub_resource type="CapsuleShape3D" id="CapsuleShape3D_faaef"]
radius = 0.0510263
height = 0.398151

[sub_resource type="CapsuleShape3D" id="CapsuleShape3D_mg5in"]
radius = 0.0415797
height = 0.205314

[sub_resource type="AnimationNodeAdd2" id="AnimationNodeAdd2_0agil"]
filter_enabled = true
filters = ["Character/Skeleton3D:IK_Knee.L", "Character/Skeleton3D:IK_Knee.R", "Character/Skeleton3D:Leg_IK.L", "Character/Skeleton3D:Leg_IK.R", "Character/Skeleton3D:Pelvis", "Character/Skeleton3D:Shin.L", "Character/Skeleton3D:Shin.R", "Character/Skeleton3D:Thigh.L", "Character/Skeleton3D:Thigh.R", "Character/Skeleton3D:Toes.L", "Character/Skeleton3D:Toes.R"]

[sub_resource type="AnimationNodeAnimation" id="AnimationNodeAnimation_kvsu4"]
animation = &"Idle_Lower"

[sub_resource type="AnimationNodeAnimation" id="AnimationNodeAnimation_vilfc"]
animation = &"IdleSlapper_Upper"

[sub_resource type="AnimationNodeBlendTree" id="AnimationNodeBlendTree_hlufc"]
graph_offset = Vector2(-367, 11)
nodes/Add2/node = SubResource("AnimationNodeAdd2_0agil")
nodes/Add2/position = Vector2(220, 80)
nodes/Animation/node = SubResource("AnimationNodeAnimation_vilfc")
nodes/Animation/position = Vector2(-20, 40)
"nodes/Animation 2/node" = SubResource("AnimationNodeAnimation_kvsu4")
"nodes/Animation 2/position" = Vector2(20, 180)
nodes/output/position = Vector2(400, 100)
node_connections = [&"output", 0, &"Add2", &"Add2", 0, &"Animation", &"Add2", 1, &"Animation 2"]

[sub_resource type="AnimationNodeAdd2" id="AnimationNodeAdd2_mfdla"]
filter_enabled = true
filters = ["Character/Skeleton3D:IK_Knee.L", "Character/Skeleton3D:IK_Knee.R", "Character/Skeleton3D:Leg_IK.L", "Character/Skeleton3D:Leg_IK.R", "Character/Skeleton3D:Pelvis", "Character/Skeleton3D:Shin.L", "Character/Skeleton3D:Shin.R", "Character/Skeleton3D:Thigh.L", "Character/Skeleton3D:Thigh.R", "Character/Skeleton3D:Toes.R"]
sync = true

[sub_resource type="AnimationNodeBlend2" id="AnimationNodeBlend2_q5dg7"]
sync = true

[sub_resource type="AnimationNodeAnimation" id="AnimationNodeAnimation_cgx2g"]
animation = &"RunForward_Lower"

[sub_resource type="AnimationNodeAnimation" id="AnimationNodeAnimation_ddrfq"]
animation = &"RunForwardPistol_Upper"

[sub_resource type="AnimationNodeAnimation" id="AnimationNodeAnimation_vmtye"]
animation = &"RunForwardSlapper_Upper"

[sub_resource type="AnimationNodeBlendTree" id="AnimationNodeBlendTree_kkhm8"]
graph_offset = Vector2(-501.092, -26.8835)
nodes/Add2/node = SubResource("AnimationNodeAdd2_mfdla")
nodes/Add2/position = Vector2(140, 140)
nodes/Blend2/node = SubResource("AnimationNodeBlend2_q5dg7")
nodes/Blend2/position = Vector2(-40, 100)
nodes/RunLower/node = SubResource("AnimationNodeAnimation_cgx2g")
nodes/RunLower/position = Vector2(-100, 300)
nodes/RunPistol/node = SubResource("AnimationNodeAnimation_ddrfq")
nodes/RunPistol/position = Vector2(-320, 180)
nodes/RunSlapper/node = SubResource("AnimationNodeAnimation_vmtye")
nodes/RunSlapper/position = Vector2(-340, 60)
nodes/output/position = Vector2(320, 140)
node_connections = [&"output", 0, &"Add2", &"Add2", 0, &"Blend2", &"Add2", 1, &"RunLower", &"Blend2", 0, &"RunSlapper", &"Blend2", 1, &"RunPistol"]

[sub_resource type="AnimationNodeStateMachineTransition" id="AnimationNodeStateMachineTransition_6a8f8"]
advance_mode = 2

[sub_resource type="AnimationNodeStateMachineTransition" id="AnimationNodeStateMachineTransition_cxbxc"]
xfade_time = 0.1

[sub_resource type="AnimationNodeStateMachineTransition" id="AnimationNodeStateMachineTransition_83nml"]
xfade_time = 0.1

[sub_resource type="AnimationNodeStateMachine" id="AnimationNodeStateMachine_wcrgq"]
states/Idle/node = SubResource("AnimationNodeBlendTree_hlufc")
states/Idle/position = Vector2(372, 100)
states/Run/node = SubResource("AnimationNodeBlendTree_kkhm8")
states/Run/position = Vector2(372, 186)
transitions = ["Start", "Idle", SubResource("AnimationNodeStateMachineTransition_6a8f8"), "Idle", "Run", SubResource("AnimationNodeStateMachineTransition_cxbxc"), "Run", "Idle", SubResource("AnimationNodeStateMachineTransition_83nml")]

[node name="PuppetAnimations" instance=ExtResource("1_dfyuu")]

[node name="Character" parent="." index="0"]
transform = Transform3D(1, 0, 0, 0, 1, 0, 0, 0, 1, 0, 0, 0.0789424)

[node name="Skeleton3D" parent="Character" index="0"]
bones/1/position = Vector3(-7.60397e-10, 0.880061, -0.0641973)
bones/1/rotation = Quaternion(7.33823e-09, 0.998875, -0.0474306, -1.94488e-07)
bones/2/rotation = Quaternion(-0.133821, 0.000766502, 0.00332714, 0.991)
bones/4/rotation = Quaternion(0.0908791, 0.0132913, 0.0188084, 0.995596)
bones/5/rotation = Quaternion(-0.00413252, -1.74012e-08, 5.40533e-08, 0.999991)
bones/7/rotation = Quaternion(-0.265023, 0.160375, -0.447416, 0.838965)
bones/8/rotation = Quaternion(0.329187, 0.0343865, -0.064097, 0.941459)
bones/10/rotation = Quaternion(0.20534, 0.153778, 0.508145, 0.822178)
bones/11/rotation = Quaternion(0.51359, -0.0311051, 0.100003, 0.85162)
bones/12/position = Vector3(0.266809, -0.110737, -0.07665)
bones/12/rotation = Quaternion(0.154095, 0.216137, -0.579405, 0.770603)
bones/15/rotation = Quaternion(-0.0716247, -0.0320912, 0.111414, 0.99067)
bones/16/rotation = Quaternion(-0.0728706, -0.00440989, -0.0389535, 0.996571)
bones/21/rotation = Quaternion(0.0612661, -0.169755, -0.0869493, 0.979729)
bones/27/rotation = Quaternion(-0.176079, 0.0204277, -0.217908, 0.959737)
bones/28/rotation = Quaternion(0.678427, 0.497607, 0.169245, 0.513304)
bones/29/rotation = Quaternion(0.672619, 0.370024, -0.0508993, 0.638808)
bones/30/position = Vector3(-0.207481, 0.129773, 0.321921)
bones/30/rotation = Quaternion(-0.586968, 0.334812, 0.398749, 0.619975)
bones/33/rotation = Quaternion(-0.125195, 0.0276595, -0.146019, 0.980938)
bones/34/rotation = Quaternion(-0.117604, -0.0172697, 0.137017, 0.983411)
bones/39/rotation = Quaternion(0.089804, 0.167209, 0.113941, 0.975189)
bones/40/rotation = Quaternion(0.017629, -0.161482, 0.0307546, 0.986239)
bones/45/rotation = Quaternion(-0.0361723, -0.0997375, 0.176228, 0.978615)
bones/46/rotation = Quaternion(-0.317595, -0.599617, 0.609096, -0.410603)
bones/47/rotation = Quaternion(0.251031, 0.579778, -0.513725, 0.580455)
bones/49/rotation = Quaternion(-0.576762, 0.19615, -0.196655, 0.768243)
bones/50/rotation = Quaternion(-0.131221, 0.00380309, 0.201041, 0.970747)
bones/52/rotation = Quaternion(-0.513328, -0.0335815, 0.356491, 0.779924)
bones/53/rotation = Quaternion(-0.154002, -0.003759, -0.235944, 0.959479)
bones/54/position = Vector3(-0.11946, 0.113842, 0.126346)
bones/54/rotation = Quaternion(0.64937, -0.347814, -0.514224, 0.439225)
bones/56/rotation = Quaternion(0.00495412, -0.00577784, -0.163837, 0.986458)
bones/60/position = Vector3(-0.334418, 1.28034, 0.495679)
bones/60/rotation = Quaternion(0.567005, -0.423132, -0.424745, 0.564851)
bones/61/position = Vector3(0.11946, 0.113841, -0.203503)
bones/61/rotation = Quaternion(0.64937, 0.347814, 0.514224, 0.439225)
bones/63/rotation = Quaternion(0.00495412, 0.00577784, 0.163837, 0.986458)
bones/67/position = Vector3(0.376082, 1.00065, 0.502019)
bones/67/rotation = Quaternion(0.567005, 0.423132, 0.424745, 0.564851)

[node name="Body" parent="Character/Skeleton3D" index="0"]
surface_material_override/0 = SubResource("StandardMaterial3D_5mv68")

[node name="Head" type="BoneAttachment3D" parent="Character/Skeleton3D" index="1"]
transform = Transform3D(-1, -5.96933e-08, -3.01424e-07, 1.12174e-08, 0.971118, -0.238599, 3.05088e-07, -0.238599, -0.971118, -3.72156e-09, 1.56007, -0.0497217)
bone_name = "Head"
bone_idx = 5

[node name="HeadArea" type="Area3D" parent="Character/Skeleton3D/Head" index="0" groups=["body_segs"]]
transform = Transform3D(1, -1.57966e-08, -1.72929e-09, 2.77963e-08, 0.999972, 0.00746115, 5.94298e-09, -0.00746121, 0.999972, -3.13375e-09, 0.0928879, 0.0153924)
collision_layer = 0
collision_mask = 0
script = ExtResource("2_ppfqh")

[node name="Collision" type="CollisionShape3D" parent="Character/Skeleton3D/Head/HeadArea" index="0"]
transform = Transform3D(0.999903, 7.85076e-09, -0.0139098, -2.22886e-05, 0.999999, -0.00160183, 0.0139098, 0.00160189, 0.999902, 2.88077e-09, 0.00115669, -0.00848573)
shape = SubResource("SphereShape3D_wi6ax")

[node name="Neck" type="BoneAttachment3D" parent="Character/Skeleton3D" index="2"]
transform = Transform3D(-1, -1.70432e-07, -3.35276e-07, -8.5216e-08, 0.969113, -0.246617, 3.65078e-07, -0.246617, -0.969113, 7.21775e-09, 1.49787, -0.0338923)
bone_name = "Neck2"
bone_idx = 4

[node name="NeckArea" type="Area3D" parent="Character/Skeleton3D/Neck" index="0" groups=["body_segs"]]
transform = Transform3D(0.999999, 3.402e-08, -1.11532e-09, -4.73232e-08, 0.999507, 0.0314019, 2.4836e-09, -0.0314018, 0.999507, 3.92654e-09, 0.0230498, -0.00615838)
collision_layer = 0
collision_mask = 0
script = ExtResource("2_ppfqh")

[node name="Collision" type="CollisionShape3D" parent="Character/Skeleton3D/Neck/NeckArea" index="0"]
transform = Transform3D(1, 0, 0, 3.55271e-15, 1, 0, 0, 0, 1, 0, 0, 0)
shape = SubResource("CylinderShape3D_564db")

[node name="Chest" type="BoneAttachment3D" parent="Character/Skeleton3D" index="3"]
transform = Transform3D(-0.999977, 0.00679963, -0.0006291, 0.00658885, 0.984955, 0.172684, 0.00179383, 0.172676, -0.984977, -1.66699e-09, 1.11823, -0.0868667)
bone_name = "Chest"
bone_idx = 2

[node name="ChestArea" type="Area3D" parent="Character/Skeleton3D/Chest" index="0" groups=["body_segs"]]
transform = Transform3D(1, 8.43412e-06, 9.90354e-05, -9.87318e-06, 0.999894, 0.0145547, -9.89018e-05, -0.0145547, 0.999894, 2.01524e-05, 0.155619, -0.001302)
collision_layer = 0
collision_mask = 0
script = ExtResource("2_ppfqh")
body_seg = 1

[node name="Collision" type="CollisionShape3D" parent="Character/Skeleton3D/Chest/ChestArea" index="0"]
shape = SubResource("BoxShape3D_v2mf5")

[node name="Stomach" type="BoneAttachment3D" parent="Character/Skeleton3D" index="4"]
transform = Transform3D(-1, -3.78941e-09, -3.89234e-07, 3.31093e-08, 0.9955, -0.0947544, 3.87842e-07, -0.0947544, -0.995501, -7.60397e-10, 0.880061, -0.0641973)
bone_name = "Pelvis"
bone_idx = 1

[node name="StomachArea" type="Area3D" parent="Character/Skeleton3D/Stomach" index="0" groups=["body_segs"]]
transform = Transform3D(1, -1.42109e-14, 0, -1.06581e-14, 1, 0, 1.13687e-13, 0, 1, 1.11854e-09, 0.134445, 0.000322878)
collision_layer = 0
collision_mask = 0
script = ExtResource("2_ppfqh")
body_seg = 1

[node name="Collision" type="CollisionShape3D" parent="Character/Skeleton3D/Stomach/StomachArea" index="0"]
transform = Transform3D(1, -3.55271e-15, 0, 0, 1, 0, 2.84217e-14, 0, 1, -6.27846e-10, -0.00249875, 0.000237845)
shape = SubResource("BoxShape3D_2gvo0")

[node name="L_UpperArm" type="BoneAttachment3D" parent="Character/Skeleton3D" index="5"]
transform = Transform3D(0.960866, -0.213489, -0.176516, -0.260883, -0.911668, -0.317492, -0.0931434, 0.351117, -0.931687, -0.194961, 1.38077, -0.0386942)
bone_name = "UpperArm.L"
bone_idx = 7

[node name="L_UpperArmArea" type="Area3D" parent="Character/Skeleton3D/L_UpperArm" index="0" groups=["body_segs"]]
transform = Transform3D(0.998377, -0.0436608, 0.0365642, 0.0419613, 0.998059, 0.0460287, -0.0385026, -0.0444201, 0.998272, 0.00874686, 0.0880815, -0.0014438)
collision_layer = 0
collision_mask = 0
script = ExtResource("2_ppfqh")
body_seg = 2

[node name="Collision" type="CollisionShape3D" parent="Character/Skeleton3D/L_UpperArm/L_UpperArmArea" index="0"]
shape = SubResource("CapsuleShape3D_7l71l")

[node name="L_Forearm" type="BoneAttachment3D" parent="Character/Skeleton3D" index="6"]
transform = Transform3D(0.990509, -0.136379, 0.0170905, -0.134778, -0.939377, 0.315286, -0.0269439, -0.314598, -0.948843, -0.23951, 1.19053, 0.0345742)
bone_name = "Forearm.L"
bone_idx = 8

[node name="L_ForearmArea" type="Area3D" parent="Character/Skeleton3D/L_Forearm" index="0" groups=["body_segs"]]
transform = Transform3D(1, -3.72529e-09, 4.09782e-08, -3.53903e-08, 1, 1.49012e-07, 2.23517e-08, -2.98023e-08, 1, 0.00586954, 0.0986623, -0.00472653)
collision_layer = 0
collision_mask = 0
script = ExtResource("2_ppfqh")
body_seg = 2

[node name="Collision" type="CollisionShape3D" parent="Character/Skeleton3D/L_Forearm/L_ForearmArea" index="0"]
shape = SubResource("CapsuleShape3D_1u0vt")

[node name="L_Hand" type="BoneAttachment3D" parent="Character/Skeleton3D" index="7"]
transform = Transform3D(-0.240441, -0.957652, -0.1584, -0.900748, 0.280943, -0.331245, 0.361719, 0.0630334, -0.930154, -0.267508, 0.997679, -0.0300113)
bone_name = "Arm_IK.L"
bone_idx = 12

[node name="L_HandArea" type="Area3D" parent="Character/Skeleton3D/L_Hand" index="0" groups=["body_segs"]]
transform = Transform3D(-0.630625, 0.406019, -0.661408, 0.0882572, 0.884223, 0.458649, 0.771053, 0.230862, -0.593447, 0.035, -0.029, 0.032)
collision_layer = 0
collision_mask = 0
script = ExtResource("2_ppfqh")
body_seg = 2

[node name="Collision" type="CollisionShape3D" parent="Character/Skeleton3D/L_Hand/L_HandArea" index="0"]
shape = SubResource("BoxShape3D_lcgma")

[node name="R_UpperArm" type="BoneAttachment3D" parent="Character/Skeleton3D" index="8"]
transform = Transform3D(0.984289, 0.176501, 0.00468659, 0.118383, -0.67941, 0.724145, 0.130997, -0.712214, -0.689631, 0.194961, 1.38077, -0.0386941)
bone_name = "UpperArm.R"
bone_idx = 10

[node name="R_UpperArmArea" type="Area3D" parent="Character/Skeleton3D/R_UpperArm" index="0" groups=["body_segs"]]
transform = Transform3D(0.998377, -0.0436608, 0.0365642, 0.0419613, 0.998059, 0.0460287, -0.0385026, -0.0444201, 0.998272, 0.00874686, 0.0880815, -0.0014438)
collision_layer = 0
collision_mask = 0
script = ExtResource("2_ppfqh")
body_seg = 2

[node name="Collision" type="CollisionShape3D" parent="Character/Skeleton3D/R_UpperArm/R_UpperArmArea" index="0"]
shape = SubResource("CapsuleShape3D_7l71l")

[node name="R_Forearm" type="BoneAttachment3D" parent="Character/Skeleton3D" index="9"]
transform = Transform3D(0.987851, -0.115174, -0.10433, 0.13452, 0.297609, 0.945163, -0.0778081, -0.947715, 0.309487, 0.231792, 1.23899, -0.187313)
bone_name = "Forearm.R"
bone_idx = 11

[node name="R_ForearmArea" type="Area3D" parent="Character/Skeleton3D/R_Forearm" index="0" groups=["body_segs"]]
transform = Transform3D(1, -3.72529e-09, 4.09782e-08, -3.53903e-08, 1, 1.49012e-07, 2.23517e-08, -2.98023e-08, 1, 0.00586954, 0.0986623, -0.00472653)
collision_layer = 0
collision_mask = 0
script = ExtResource("2_ppfqh")
body_seg = 2

[node name="Collision" type="CollisionShape3D" parent="Character/Skeleton3D/R_Forearm/R_ForearmArea" index="0"]
shape = SubResource("CapsuleShape3D_1u0vt")

[node name="R_Hand" type="BoneAttachment3D" parent="Character/Skeleton3D" index="10"]
transform = Transform3D(-0.456545, 0.887698, 0.0596643, -0.0496521, -0.0923779, 0.994485, 0.888314, 0.451065, 0.086251, 0.208156, 1.30027, -0.381915)
bone_name = "Arm_IK.R"
bone_idx = 30

[node name="R_HandArea" type="Area3D" parent="Character/Skeleton3D/R_Hand" index="0" groups=["body_segs"]]
transform = Transform3D(-0.631109, -0.406226, 0.660818, -0.0880236, 0.883908, 0.4593, -0.770683, 0.231701, -0.593601, -0.0347186, -0.0290175, 0.033465)
collision_layer = 0
collision_mask = 0
script = ExtResource("2_ppfqh")
body_seg = 2

[node name="Collision" type="CollisionShape3D" parent="Character/Skeleton3D/R_Hand/R_HandArea" index="0"]
shape = SubResource("BoxShape3D_lcgma")

[node name="GunTransform" type="RemoteTransform3D" parent="Character/Skeleton3D/R_Hand" index="1"]
unique_name_in_owner = true
transform = Transform3D(-0.461811, 0.722872, 0.513987, 0.815057, 0.117273, 0.567385, 0.349871, 0.680954, -0.643342, -0.0390195, -0.0563197, 0.0715084)

[node name="L_Thigh" type="BoneAttachment3D" parent="Character/Skeleton3D" index="11"]
transform = Transform3D(0.49972, -0.0572513, -0.864293, -0.0414029, -0.998251, 0.0421862, -0.865197, 0.0147027, -0.501217, -0.0851499, 0.862571, -0.0593682)
bone_name = "Thigh.L"
bone_idx = 49

[node name="L_ThighArea" type="Area3D" parent="Character/Skeleton3D/L_Thigh" index="0" groups=["body_segs"]]
transform = Transform3D(1, 0, 0, -7.45058e-09, 1, -3.72529e-09, 0, -7.45058e-09, 1, -7.45058e-09, 0.195051, 7.45058e-09)
collision_layer = 0
collision_mask = 0
script = ExtResource("2_ppfqh")
body_seg = 2

[node name="Collision" type="CollisionShape3D" parent="Character/Skeleton3D/L_Thigh/L_ThighArea" index="0"]
transform = Transform3D(1, -7.45058e-09, 2.98023e-08, 0, 1, 1.49012e-08, -1.49012e-07, 1.86265e-08, 1, -2.98023e-08, -0.0138837, 3.72529e-08)
shape = SubResource("CapsuleShape3D_oqw25")

[node name="L_Shin" type="BoneAttachment3D" parent="Character/Skeleton3D" index="12"]
transform = Transform3D(0.489005, -0.0273317, -0.871853, -0.429233, -0.877661, -0.213235, -0.759364, 0.478501, -0.440913, -0.109205, 0.443146, -0.0531907)
bone_name = "Shin.L"
bone_idx = 50

[node name="L_ShinArea" type="Area3D" parent="Character/Skeleton3D/L_Shin" index="0" groups=["body_segs"]]
transform = Transform3D(1, 0, -5.96046e-08, 0, 1, 0, 0, 0, 1, -2.98023e-08, 0.175333, 7.45058e-09)
collision_layer = 0
collision_mask = 0
script = ExtResource("2_ppfqh")
body_seg = 2

[node name="Collision" type="CollisionShape3D" parent="Character/Skeleton3D/L_Shin/L_ShinArea" index="0"]
transform = Transform3D(1, 0, 0, -2.98023e-08, 1, 0, 0, 0, 1, 0, 0, 0)
shape = SubResource("CapsuleShape3D_faaef")

[node name="L_Foot" type="BoneAttachment3D" parent="Character/Skeleton3D" index="13"]
transform = Transform3D(0.245938, -0.072078, -0.966602, 0.853542, -0.456465, 0.251209, -0.459327, -0.886817, -0.0507405, -0.11946, 0.113842, 0.126346)
bone_name = "Foot.L"
bone_idx = 55

[node name="L_FootArea" type="Area3D" parent="Character/Skeleton3D/L_Foot" index="0" groups=["body_segs"]]
transform = Transform3D(0.747101, -0.664676, 0.0067744, 0.0902142, 0.0912937, -0.99173, 0.65856, 0.741534, 0.128169, -0.0259359, 0.104146, 0.00331239)
collision_layer = 0
collision_mask = 0
script = ExtResource("2_ppfqh")
body_seg = 2

[node name="Collision" type="CollisionShape3D" parent="Character/Skeleton3D/L_Foot/L_FootArea" index="0"]
transform = Transform3D(0.854275, -0.248968, -0.456321, -0.454186, 0.0694913, -0.888193, 0.252842, 0.966016, -0.053713, 0, 0, 0)
shape = SubResource("CapsuleShape3D_mg5in")

[node name="R_Thigh" type="BoneAttachment3D" parent="Character/Skeleton3D" index="14"]
transform = Transform3D(0.484876, 0.065038, 0.872161, -0.358795, -0.894656, 0.266187, 0.797597, -0.441995, -0.410462, 0.0851499, 0.862571, -0.0593682)
bone_name = "Thigh.R"
bone_idx = 52

[node name="R_ThighArea" type="Area3D" parent="Character/Skeleton3D/R_Thigh" index="0" groups=["body_segs"]]
transform = Transform3D(1, 0, 0, -7.45058e-09, 1, -3.72529e-09, 0, -7.45058e-09, 1, -7.45058e-09, 0.195051, 7.45058e-09)
collision_layer = 0
collision_mask = 0
script = ExtResource("2_ppfqh")
body_seg = 2

[node name="Collision" type="CollisionShape3D" parent="Character/Skeleton3D/R_Thigh/R_ThighArea" index="0"]
transform = Transform3D(1, -7.45058e-09, 2.98023e-08, 0, 1, 1.49012e-08, -1.49012e-07, 1.86265e-08, 1, -2.98023e-08, -0.0138837, 3.72529e-08)
shape = SubResource("CapsuleShape3D_oqw25")

[node name="R_Shin" type="BoneAttachment3D" parent="Character/Skeleton3D" index="15"]
transform = Transform3D(0.471178, 0.0186119, 0.881842, 0.106462, -0.993668, -0.0359117, 0.87559, 0.110803, -0.470176, 0.112476, 0.486672, -0.245077)
bone_name = "Shin.R"
bone_idx = 53

[node name="R_ShinArea" type="Area3D" parent="Character/Skeleton3D/R_Shin" index="0" groups=["body_segs"]]
transform = Transform3D(1, 0, -5.96046e-08, 0, 1, 0, 0, 0, 1, -2.98023e-08, 0.175333, 7.45058e-09)
collision_layer = 0
collision_mask = 0
script = ExtResource("2_ppfqh")
body_seg = 2

[node name="Collision" type="CollisionShape3D" parent="Character/Skeleton3D/R_Shin/R_ShinArea" index="0"]
transform = Transform3D(1, 0, 0, -2.98023e-08, 1, 0, 0, 0, 1, 0, 0, 0)
shape = SubResource("CapsuleShape3D_faaef")

[node name="R_Foot" type="BoneAttachment3D" parent="Character/Skeleton3D" index="16"]
transform = Transform3D(0.245938, 0.072078, 0.966602, -0.853542, -0.456465, 0.251209, 0.459327, -0.886817, -0.0507405, 0.11946, 0.113841, -0.203503)
bone_name = "Foot.R"
bone_idx = 62

[node name="R_FootArea" type="Area3D" parent="Character/Skeleton3D/R_Foot" index="0" groups=["body_segs"]]
transform = Transform3D(0.746332, 0.66554, 0.00674065, -0.0905942, 0.0915479, 0.991672, 0.65938, -0.740726, 0.128619, 0.026, 0.104, -0.003)
collision_layer = 0
collision_mask = 0
script = ExtResource("2_ppfqh")
body_seg = 2

[node name="Collision" type="CollisionShape3D" parent="Character/Skeleton3D/R_Foot/R_FootArea" index="0"]
transform = Transform3D(0.854275, -0.248968, -0.456321, -0.454186, 0.0694913, -0.888193, 0.252842, 0.966016, -0.053713, 0, 0, 0)
shape = SubResource("CapsuleShape3D_mg5in")

[node name="AnimationPlayer" parent="." index="1"]
autoplay = "RunForwardPistol_Upper"

[node name="AnimationTree" type="AnimationTree" parent="." index="2"]
tree_root = SubResource("AnimationNodeStateMachine_wcrgq")
anim_player = NodePath("../AnimationPlayer")
parameters/Idle/Add2/add_amount = 1.0
parameters/Run/Add2/add_amount = 1.0
parameters/Run/Blend2/blend_amount = 0.0
