[gd_scene load_steps=6 format=3 uid="uid://2iouko1meib4"]

[ext_resource type="PackedScene" uid="uid://1s5qidco641t" path="res://Characters/CharacterBase.tscn" id="1_hyo3r"]
[ext_resource type="Script" path="res://Characters/SimpleEnemy.gd" id="2_pfq3h"]
[ext_resource type="PackedScene" uid="uid://cy12nf62sv60i" path="res://Debug/VectorCube.tscn" id="3_knmbc"]

[sub_resource type="StandardMaterial3D" id="StandardMaterial3D_0bpq3"]
albedo_color = Color(0.372549, 0.376471, 0.784314, 1)

[sub_resource type="BoxMesh" id="BoxMesh_m0eni"]
material = SubResource("StandardMaterial3D_0bpq3")
size = Vector3(0.3, 0.3, 0.3)

[node name="Enemy" instance=ExtResource("1_hyo3r")]
script = ExtResource("2_pfq3h")

[node name="NameLabel" type="Label3D" parent="." index="0"]
transform = Transform3D(1, 0, 0, 0, 1, 0, 0, 0, 1, 0, 1.9756, 0)
billboard = 1
text = "Enemy"

[node name="NavAgent" type="NavigationAgent3D" parent="." index="1"]
target_desired_distance = 3.0

[node name="NavTarget" type="Marker3D" parent="." index="2"]
top_level = true
visible = false

[node name="MeshInstance3D" type="MeshInstance3D" parent="NavTarget" index="0"]
mesh = SubResource("BoxMesh_m0eni")

[node name="PlayerCast" type="RayCast3D" parent="." index="4"]
unique_name_in_owner = true
transform = Transform3D(1, 0, 0, 0, 1, 0, 0, 0, 1, 0, 1.65, 0)
target_position = Vector3(0, 0, -1)
collision_mask = 3
debug_shape_custom_color = Color(0, 0.54902, 0.282353, 1)

[node name="Weapons" parent="." index="5"]
transform = Transform3D(0.852975, -0.0732178, 0.516792, -0.226312, 0.840322, 0.492588, -0.470337, -0.537121, 0.700203, 0.165656, 1.44363, -0.375331)

[node name="LookHelper" type="Node3D" parent="." index="6"]
transform = Transform3D(1, 0, 0, 0, 1, 0, 0, 0, 1, 0, 1.65, 0)

[node name="VectorCube" parent="AimHelper" index="0" instance=ExtResource("3_knmbc")]
transform = Transform3D(0.5, 0, 0, 0, 0.5, 0, 0, 0, 0.5, 0, 0, 0)
visible = false

[node name="ShootCast" parent="AimHelper" index="2"]
visible = false
collision_mask = 13

[node name="Skeleton3D" parent="Puppet" index="2"]
bones/1/position = Vector3(-1.20534e-09, 0.887378, -0.0641973)
bones/2/rotation = Quaternion(-0.137555, 0.000832069, 0.0028889, 0.99049)
bones/4/rotation = Quaternion(0.0884563, 0.0132147, 0.0184567, 0.995821)
bones/5/rotation = Quaternion(-0.0153959, -8.50055e-05, -0.000503592, 0.999881)
bones/7/rotation = Quaternion(-0.179898, 0.250374, -0.494985, 0.812366)
bones/8/rotation = Quaternion(0.260672, 0.0352031, -0.0507515, 0.96345)
bones/9/rotation = Quaternion(-0.0228645, -0.333616, -0.00962027, 0.942383)
bones/11/rotation = Quaternion(-0.138686, -0.0287735, 0.154516, 0.977785)
bones/14/rotation = Quaternion(0.0625925, -0.170896, -0.0835841, 0.97974)
bones/17/rotation = Quaternion(-0.312381, -0.0319301, 0.261881, 0.912588)
bones/20/rotation = Quaternion(0.180842, 0.102901, 0.519332, 0.828856)
bones/21/rotation = Quaternion(0.705128, -0.0253919, 0.137297, 0.695198)
bones/22/rotation = Quaternion(0.164891, 0.238932, -0.0525574, 0.95549)
bones/24/rotation = Quaternion(-0.140964, 0.0467496, -0.145978, 0.978077)
bones/25/rotation = Quaternion(-0.0671738, 0.00890722, 0.0311607, 0.997215)
bones/27/rotation = Quaternion(0.100675, 0.158111, 0.110683, 0.97602)
bones/28/rotation = Quaternion(0.0815105, -0.138268, -0.0579008, 0.985335)
bones/30/rotation = Quaternion(-0.535882, -0.390402, 0.596082, 0.452882)
bones/33/rotation = Quaternion(-0.581693, 0.207701, -0.182428, 0.764993)
bones/34/rotation = Quaternion(-0.108787, 0.00383936, 0.166671, 0.979985)
bones/35/rotation = Quaternion(0.273777, -0.129599, -0.642728, 0.70367)
bones/38/rotation = Quaternion(-0.520728, -0.0503874, 0.34282, 0.780242)
bones/39/rotation = Quaternion(-0.146395, -0.00377456, -0.22429, 0.963457)
bones/40/rotation = Quaternion(0.228145, 0.127339, 0.526597, 0.808968)

[node name="Head" parent="Puppet/Skeleton3D" index="1"]
transform = Transform3D(-0.999996, -0.00264301, 0.000371925, -0.00266321, 0.978854, -0.204543, 0.00017655, -0.204544, -0.978857, -0.000432134, 1.56717, -0.0460892)

[node name="HeadArea" parent="Puppet/Skeleton3D/Head" index="0"]
collision_layer = 8
collision_mask = 1

[node name="Neck" parent="Puppet/Skeleton3D" index="2"]
transform = Transform3D(-0.999999, -0.00162586, 0.000267625, -0.00164328, 0.972094, -0.234584, 0.000121243, -0.234584, -0.972096, -0.000327776, 1.50477, -0.0310322)

[node name="NeckArea" parent="Puppet/Skeleton3D/Neck" index="0"]
collision_layer = 8
collision_mask = 1

[node name="Chest" parent="Puppet/Skeleton3D" index="3"]
transform = Transform3D(-0.999982, 0.00595185, -0.000853924, 0.00570074, 0.983631, 0.180103, 0.0019119, 0.180095, -0.983647, -2.11194e-09, 1.12555, -0.0868667)

[node name="ChestArea" parent="Puppet/Skeleton3D/Chest" index="0"]
collision_layer = 8
collision_mask = 1

[node name="Stomach" parent="Puppet/Skeleton3D" index="4"]
transform = Transform3D(-1, -3.78941e-09, -3.89234e-07, 3.31093e-08, 0.995501, -0.0947544, 3.87842e-07, -0.0947544, -0.995501, -1.20534e-09, 0.887378, -0.0641973)

[node name="StomachArea" parent="Puppet/Skeleton3D/Stomach" index="0"]
collision_layer = 8
collision_mask = 1

[node name="R_UpperArm" parent="Puppet/Skeleton3D" index="5"]
transform = Transform3D(0.987455, 0.15392, -0.0352439, 0.139413, -0.745024, 0.652306, 0.0741457, -0.649036, -0.757136, 0.194735, 1.38788, -0.0367298)

[node name="R_UpperArmArea" parent="Puppet/Skeleton3D/R_UpperArm" index="0"]
collision_layer = 8
collision_mask = 1

[node name="R_Forearm" parent="Puppet/Skeleton3D" index="6"]
transform = Transform3D(0.964756, -0.263113, 0.00420439, 0.167764, 0.627295, 0.760498, -0.202734, -0.732989, 0.649327, 0.226854, 1.23242, -0.172165)

[node name="R_ForearmArea" parent="Puppet/Skeleton3D/R_Forearm" index="0"]
collision_layer = 8
collision_mask = 1

[node name="R_Hand" parent="Puppet/Skeleton3D" index="7"]
transform = Transform3D(0.852975, -0.0732178, 0.516792, -0.226312, 0.840322, 0.492588, -0.470337, -0.537121, 0.700203, 0.172838, 1.3612, -0.322644)

[node name="R_HandArea" parent="Puppet/Skeleton3D/R_Hand" index="0"]
collision_layer = 8
collision_mask = 1

[node name="L_UpperArm" parent="Puppet/Skeleton3D" index="8"]
transform = Transform3D(0.977988, -0.187375, 0.0918218, -0.151456, -0.94013, -0.305314, 0.143533, 0.284686, -0.947814, -0.195187, 1.38754, -0.0367033)

[node name="L_UpperArmArea" parent="Puppet/Skeleton3D/L_UpperArm" index="0"]
collision_layer = 8
collision_mask = 1

[node name="L_Forearm" parent="Puppet/Skeleton3D" index="9"]
transform = Transform3D(0.976753, -0.00156332, 0.214365, -0.0468281, -0.977379, 0.206245, 0.209193, -0.211489, -0.954731, -0.234287, 1.19136, 0.0227027)

[node name="L_ForearmArea" parent="Puppet/Skeleton3D/L_Forearm" index="0"]
collision_layer = 8
collision_mask = 1

[node name="L_Hand" parent="Puppet/Skeleton3D" index="10"]
transform = Transform3D(0.894036, 0.0231884, -0.447395, 0.0961905, -0.985304, 0.14115, -0.437547, -0.169229, -0.883127, -0.234607, 0.990713, -0.0207144)

[node name="L_HandArea" parent="Puppet/Skeleton3D/L_Hand" index="0"]
collision_layer = 8
collision_mask = 1

[node name="R_Thigh" parent="Puppet/Skeleton3D" index="11"]
transform = Transform3D(0.488427, 0.0626698, 0.870351, -0.322378, -0.913894, 0.246719, 0.810871, -0.401087, -0.426167, 0.0851499, 0.869889, -0.0593682)

[node name="R_ThighArea" parent="Puppet/Skeleton3D/R_Thigh" index="0"]
collision_layer = 8
collision_mask = 1

[node name="R_Shin" parent="Puppet/Skeleton3D" index="12"]
transform = Transform3D(0.475742, 0.0212661, 0.879328, 0.122025, -0.991636, -0.0420368, 0.87108, 0.127299, -0.474358, 0.111481, 0.485907, -0.227889)

[node name="R_ShinArea" parent="Puppet/Skeleton3D/R_Shin" index="0"]
collision_layer = 8
collision_mask = 1

[node name="R_Foot" parent="Puppet/Skeleton3D" index="13"]
transform = Transform3D(0.245939, 0.0720783, 0.966602, -0.853541, -0.456466, 0.25121, 0.459327, -0.886817, -0.0507409, 0.11946, 0.113838, -0.180125)

[node name="R_FootArea" parent="Puppet/Skeleton3D/R_Foot" index="0"]
collision_layer = 8
collision_mask = 1

[node name="L_Thigh" parent="Puppet/Skeleton3D" index="14"]
transform = Transform3D(0.498512, -0.0546606, -0.865158, -0.0733272, -0.997092, 0.0207443, -0.863776, 0.0530983, -0.501071, -0.0851499, 0.869888, -0.0593682)

[node name="L_ThighArea" parent="Puppet/Skeleton3D/L_Thigh" index="0"]
collision_layer = 8
collision_mask = 1

[node name="L_Shin" parent="Puppet/Skeleton3D" index="15"]
transform = Transform3D(0.490875, -0.0302348, -0.870705, -0.395047, -0.898476, -0.191515, -0.776518, 0.437979, -0.452983, -0.108116, 0.45095, -0.0370585)

[node name="L_ShinArea" parent="Puppet/Skeleton3D/L_Shin" index="0"]
collision_layer = 8
collision_mask = 1

[node name="L_Foot" parent="Puppet/Skeleton3D" index="16"]
transform = Transform3D(0.245938, -0.0720759, -0.966602, 0.853542, -0.456465, 0.251209, -0.459326, -0.886817, -0.0507425, -0.11946, 0.113836, 0.127274)

[node name="L_FootArea" parent="Puppet/Skeleton3D/L_Foot" index="0"]
collision_layer = 8
collision_mask = 1

[node name="PlayerTimer" type="Timer" parent="." index="10"]
wait_time = 3.0
one_shot = true

[node name="StuckTimer" type="Timer" parent="." index="11"]
wait_time = 3.0
one_shot = true

[node name="ShootTimer" type="Timer" parent="." index="12"]
one_shot = true

[connection signal="timeout" from="PlayerTimer" to="." method="_player_lost"]
[connection signal="timeout" from="StuckTimer" to="." method="_stuck"]

[editable path="Weapons/Pistol"]
[editable path="Weapons/Pistol/Mesh"]
[editable path="Weapons/SMG"]
[editable path="Weapons/SMG/Mesh"]
[editable path="Weapons/Rifle"]
[editable path="Weapons/Shotgun"]
[editable path="Puppet"]
