[gd_scene load_steps=8 format=3 uid="uid://b6g67jhd2qc4x"]

[ext_resource type="PackedScene" uid="uid://cjnxieq6a3k6j" path="res://Maps/BotSim/Temple/Assets/Props/Logs/6MLog.blend" id="8_q1rhp"]
[ext_resource type="PackedScene" uid="uid://c1yfii2ty5pop" path="res://Maps/BotSim/Temple/Assets/Props/Logs/4MLog.blend" id="9_3633r"]
[ext_resource type="PackedScene" uid="uid://quvmcav0pm1r" path="res://Maps/BotSim/Temple/Assets/Props/Logs/2MLog.blend" id="10_pc7c4"]
[ext_resource type="PackedScene" uid="uid://ctlrdjxy1qx2s" path="res://Maps/BotSim/Temple/Assets/Props/Logs/1MLog.blend" id="11_4gm4m"]
[ext_resource type="PackedScene" uid="uid://barphhjc2tbna" path="res://Maps/BotSim/Temple/Assets/Props/FloorTrim/FloorTrimA.blend" id="12_nmj4m"]
[ext_resource type="PackedScene" uid="uid://b3tsxtveorf4p" path="res://Maps/BotSim/Temple/Assets/Props/FloorTrim/FloorTrimB.blend" id="13_aeeyk"]
[ext_resource type="PackedScene" uid="uid://dds7gd65l0ud2" path="res://Maps/BotSim/Temple/Assets/Props/FloorTrim/FloorTrimC.blend" id="14_py14l"]

[node name="Temple" type="Node3D"]

[node name="BlueSide" type="Node3D" parent="."]

[node name="Supports" type="Node3D" parent="BlueSide"]

[node name="BlueLower" type="Node3D" parent="BlueSide/Supports"]
transform = Transform3D(1, 0, 0, 0, 1, 0, 0, 0, 1, 19, 0, 28)

[node name="6MLog82" parent="BlueSide/Supports/BlueLower" instance=ExtResource("8_q1rhp")]
transform = Transform3D(0.999391, 0.0348995, 0, -0.0348995, 0.999391, 0, 0, 0, 1, -0.0244999, -1.64559, -9.759)

[node name="6MLog83" parent="BlueSide/Supports/BlueLower" instance=ExtResource("8_q1rhp")]
transform = Transform3D(0.999391, 0.0348995, 0, -0.0348782, 0.998782, 0.0348995, 0.00121797, -0.0348782, 0.999391, 4.125, 0, -2.125)

[node name="6MLog116" parent="BlueSide/Supports/BlueLower" instance=ExtResource("8_q1rhp")]
transform = Transform3D(-4.37114e-08, 0.0348995, -0.999391, 0, 0.999391, 0.0348995, 1, 1.52551e-09, -4.36848e-08, 6.0315, 0, -1.7185)

[node name="6MLog117" parent="BlueSide/Supports/BlueLower" instance=ExtResource("8_q1rhp")]
transform = Transform3D(1, 1.11022e-16, -7.10543e-15, 1.11022e-16, 0.999391, 0.0348995, -3.55271e-15, -0.0348995, 0.999391, 5.625, 0, -2.125)

[node name="6MLog108" parent="BlueSide/Supports/BlueLower" instance=ExtResource("8_q1rhp")]
transform = Transform3D(-4.37114e-08, -0.0348995, 0.999391, 0, 0.999391, 0.0348995, -1, 1.52551e-09, -4.36848e-08, -6.0315, 0, 9.6565)

[node name="6MLog109" parent="BlueSide/Supports/BlueLower" instance=ExtResource("8_q1rhp")]
transform = Transform3D(-1, 3.05101e-09, -8.73695e-08, 1.11022e-16, 0.999391, 0.0348995, 8.74228e-08, 0.0348995, -0.999391, -5.625, 0, 10.063)

[node name="6MLog112" parent="BlueSide/Supports/BlueLower" instance=ExtResource("8_q1rhp")]
transform = Transform3D(-1, 3.05101e-09, -8.73695e-08, 1.11022e-16, 0.999391, 0.0348995, 8.74228e-08, 0.0348995, -0.999391, 5.7185, -0.875, 10.063)

[node name="6MLog113" parent="BlueSide/Supports/BlueLower" instance=ExtResource("8_q1rhp")]
transform = Transform3D(1.31134e-07, 0.0348995, -0.999391, 3.33067e-16, 0.999391, 0.0348995, 1, -4.57652e-09, 1.31054e-07, 6.125, -0.875, 9.6565)

[node name="6MLog84" parent="BlueSide/Supports/BlueLower" instance=ExtResource("8_q1rhp")]
transform = Transform3D(1, 0, 0, 0, -4.37114e-08, 1, 0, -1, -4.37114e-08, 3.875, 9.875, -1.375)

[node name="6MLog92" parent="BlueSide/Supports/BlueLower" instance=ExtResource("8_q1rhp")]
transform = Transform3D(1, 0, 0, 0, -4.37114e-08, 1, 0, -1, -4.37114e-08, 3.875, 9.875, -5)

[node name="6MLog110" parent="BlueSide/Supports/BlueLower" instance=ExtResource("8_q1rhp")]
transform = Transform3D(-4.37114e-08, -1, -4.37114e-08, 0, -4.37114e-08, 1, -1, 4.37114e-08, 1.91069e-15, 6, 9.875, 10)

[node name="6MLog118" parent="BlueSide/Supports/BlueLower" instance=ExtResource("8_q1rhp")]
transform = Transform3D(-1, 8.74228e-08, 3.82137e-15, 0, -4.37114e-08, 1, 8.74228e-08, 1, 4.37114e-08, 0, 9.875, 5)

[node name="6MLog119" parent="BlueSide/Supports/BlueLower" instance=ExtResource("8_q1rhp")]
transform = Transform3D(-4.37114e-08, -1, -4.37114e-08, 0, -4.37114e-08, 1, -1, 4.37114e-08, 1.91069e-15, -1, 9.875, 4)

[node name="6MLog122" parent="BlueSide/Supports/BlueLower" instance=ExtResource("8_q1rhp")]
transform = Transform3D(2.98023e-08, 1, 4.37114e-08, 8.57914e-16, -4.37114e-08, 1, 1, -2.98023e-08, 4.44089e-15, 0.125, 9.875, 4)

[node name="6MLog120" parent="BlueSide/Supports/BlueLower" instance=ExtResource("8_q1rhp")]
transform = Transform3D(1, 0, 0, 0, -4.37114e-08, 1, 0, -1, -4.37114e-08, 0, 9.875, 3)

[node name="6MLog121" parent="BlueSide/Supports/BlueLower" instance=ExtResource("8_q1rhp")]
transform = Transform3D(1, 0, 0, 0, -4.37114e-08, 1, 0, -1, -4.37114e-08, 0, 9.875, -3.875)

[node name="6MLog111" parent="BlueSide/Supports/BlueLower" instance=ExtResource("8_q1rhp")]
transform = Transform3D(-4.37114e-08, -1, -4.37114e-08, 0, -4.37114e-08, 1, -1, 4.37114e-08, 1.91069e-15, 0.25, 9.875, 10)

[node name="6MLog102" parent="BlueSide/Supports/BlueLower" instance=ExtResource("8_q1rhp")]
transform = Transform3D(-1, 8.74228e-08, 3.82137e-15, 0, -4.37114e-08, 1, 8.74228e-08, 1, 4.37114e-08, -6, 9.875, -10)

[node name="6MLog103" parent="BlueSide/Supports/BlueLower" instance=ExtResource("8_q1rhp")]
transform = Transform3D(-1, 8.74228e-08, 3.82137e-15, 0, -4.37114e-08, 1, 8.74228e-08, 1, 4.37114e-08, -6, 9.875, -4.25)

[node name="6MLog104" parent="BlueSide/Supports/BlueLower" instance=ExtResource("8_q1rhp")]
transform = Transform3D(-1, 8.74228e-08, 3.82137e-15, 0, -4.37114e-08, 1, 8.74228e-08, 1, 4.37114e-08, -6, 9.875, 1.625)

[node name="6MLog105" parent="BlueSide/Supports/BlueLower" instance=ExtResource("8_q1rhp")]
transform = Transform3D(-1, 8.74228e-08, 3.82137e-15, 0, -4.37114e-08, 1, 8.74228e-08, 1, 4.37114e-08, -6, 9.875, 4.5196)

[node name="6MLog114" parent="BlueSide/Supports/BlueLower" instance=ExtResource("8_q1rhp")]
transform = Transform3D(-1, 8.74228e-08, 3.82137e-15, 0, -4.37114e-08, 1, 8.74228e-08, 1, 4.37114e-08, 5.875, 9.875, -1.5)

[node name="6MLog115" parent="BlueSide/Supports/BlueLower" instance=ExtResource("8_q1rhp")]
transform = Transform3D(-1, 8.74228e-08, 3.82137e-15, 0, -4.37114e-08, 1, 8.74228e-08, 1, 4.37114e-08, 5.875, 9.875, 4.25)

[node name="6MLog99" parent="BlueSide/Supports/BlueLower" instance=ExtResource("8_q1rhp")]
transform = Transform3D(1, 0, 0, 0, 1, 1.06581e-14, 0, -1.06581e-14, 1, 4.25, 4.625, -9.875)

[node name="4MLog23" parent="BlueSide/Supports/BlueLower" instance=ExtResource("9_3633r")]
transform = Transform3D(1, 0, 0, 0, -0.529386, -0.848381, 0, 0.848381, -0.529386, 0.1318, 4.81359, -10.1933)

[node name="4MLog24" parent="BlueSide/Supports/BlueLower" instance=ExtResource("9_3633r")]
transform = Transform3D(1, 0, 0, 0, -0.529386, -0.848381, 0, 0.848381, -0.529386, 0.1318, 2.76222, -6.9059)

[node name="2MLog5" parent="BlueSide/Supports/BlueLower" instance=ExtResource("10_pc7c4")]
transform = Transform3D(1, 0, 0, 0, -0.529919, -0.848048, 0, 0.848048, -0.529919, 0.1504, 0.701667, -3.6593)

[node name="2MLog6" parent="BlueSide/Supports/BlueLower" instance=ExtResource("10_pc7c4")]
transform = Transform3D(1, 0, 0, 0, -4.37114e-08, -1, 0, 1, -4.37114e-08, 0, 9.875, -4.125)

[node name="4MLog32" parent="BlueSide/Supports/BlueLower" instance=ExtResource("9_3633r")]
transform = Transform3D(0.999391, -0.0348995, 0, 0.0348782, 0.998782, -0.0348995, 0.00121797, 0.0348782, 0.999391, 4.328, 5.875, -2.3118)

[node name="4MLog35" parent="BlueSide/Supports/BlueLower" instance=ExtResource("9_3633r")]
transform = Transform3D(-4.37114e-08, -0.0348995, -0.999391, 0, 0.999391, -0.0348995, 1, -1.52551e-09, -4.36848e-08, 6.2185, 5.875, -1.7185)

[node name="4MLog36" parent="BlueSide/Supports/BlueLower" instance=ExtResource("9_3633r")]
transform = Transform3D(1, -1.11022e-16, -7.10543e-15, -1.11022e-16, 0.999391, -0.0348995, -3.55271e-15, 0.0348995, 0.999391, 5.625, 5.875, -2.312)

[node name="4MLog37" parent="BlueSide/Supports/BlueLower" instance=ExtResource("9_3633r")]
transform = Transform3D(-4.37114e-08, 0.0348995, 0.999391, 0, 0.999391, -0.0348995, -1, -1.52551e-09, -4.36848e-08, -6.2185, 5.875, 9.6565)

[node name="4MLog39" parent="BlueSide/Supports/BlueLower" instance=ExtResource("9_3633r")]
transform = Transform3D(0.999391, 0.0348995, 0, -0.0348995, 0.999391, 0, 0, 0, 1, 0.125, -1.375, -6.75)

[node name="2MLog7" parent="BlueSide/Supports/BlueLower" instance=ExtResource("10_pc7c4")]
transform = Transform3D(0.999391, 0.0348995, 0, -0.0348995, 0.999391, 0, 0, 0, 1, 0.125, -1.125, -3.625)

[node name="2MLog9" parent="BlueSide/Supports/BlueLower" instance=ExtResource("10_pc7c4")]
transform = Transform3D(-4.37114e-08, -1, 0, 1, -4.37114e-08, 0, 0, 0, 1, 5.75, 9.8707, -1.7099)

[node name="2MLog10" parent="BlueSide/Supports/BlueLower" instance=ExtResource("10_pc7c4")]
transform = Transform3D(-4.36848e-08, 1.52551e-09, -1, 0.0348995, 0.999391, 0, 0.999391, -0.0348995, -4.37114e-08, 5.625, 7.8707, 10.2901)

[node name="6MLog106" parent="BlueSide/Supports/BlueLower" instance=ExtResource("8_q1rhp")]
transform = Transform3D(1, 0, 0, 0, 0.999391, 0.0348995, 0, -0.0348995, 0.999391, -5.625, 0, -10.125)

[node name="6MLog107" parent="BlueSide/Supports/BlueLower" instance=ExtResource("8_q1rhp")]
transform = Transform3D(-4.37114e-08, -0.0348995, 0.999391, 0, 0.999391, 0.0348995, -1, 1.52551e-09, -4.36848e-08, -6.0315, 0, -9.7185)

[node name="6MLog100" parent="BlueSide/Supports/BlueLower" instance=ExtResource("8_q1rhp")]
transform = Transform3D(-4.37114e-08, -1, -4.37114e-08, 0, -4.37114e-08, 1, -1, 4.37114e-08, 1.91069e-15, 5.5, 9.875, -10)

[node name="6MLog101" parent="BlueSide/Supports/BlueLower" instance=ExtResource("8_q1rhp")]
transform = Transform3D(-4.37114e-08, -1, -4.37114e-08, 0, -4.37114e-08, 1, -1, 4.37114e-08, 1.91069e-15, -0.25, 9.875, -10)

[node name="4MLog33" parent="BlueSide/Supports/BlueLower" instance=ExtResource("9_3633r")]
transform = Transform3D(1, 0, 0, 0, 0.999391, -0.0348995, 0, 0.0348995, 0.999391, -5.625, 5.875, -10.312)

[node name="4MLog34" parent="BlueSide/Supports/BlueLower" instance=ExtResource("9_3633r")]
transform = Transform3D(-4.37114e-08, 0.0348995, 0.999391, 0, 0.999391, -0.0348995, -1, -1.52551e-09, -4.36848e-08, -6.2185, 5.875, -9.7185)

[node name="4MLog38" parent="BlueSide/Supports/BlueLower" instance=ExtResource("9_3633r")]
transform = Transform3D(-1, -3.05101e-09, -8.73695e-08, -1.11022e-16, 0.999391, -0.0348995, 8.74228e-08, -0.0348995, -0.999391, -5.625, 5.875, 10.25)

[node name="2MLog8" parent="BlueSide/Supports/BlueLower" instance=ExtResource("10_pc7c4")]
transform = Transform3D(0.999391, -0.0348995, 0, 0.0348995, 0.999391, 0, 0, 0, 1, 6.25, 7.8707, 9.7901)

[node name="BlueLowerConnector" type="Node3D" parent="BlueSide/Supports"]
transform = Transform3D(1, 0, 0, 0, 1, 0, 0, 0, 1, 18.5, 5, 15)

[node name="6MLog93" parent="BlueSide/Supports/BlueLowerConnector" instance=ExtResource("8_q1rhp")]
transform = Transform3D(-0.998495, 8.74228e-08, 0.0548457, -0.0548457, -4.35393e-08, -0.998495, -8.74955e-08, -1, 4.47865e-08, -5.5239, 4.95984, 2.9189)

[node name="6MLog98" parent="BlueSide/Supports/BlueLowerConnector" instance=ExtResource("8_q1rhp")]
transform = Transform3D(-0.998495, 8.74228e-08, 0.0548457, -0.0548457, -4.35393e-08, -0.998495, -8.74955e-08, -1, 4.47865e-08, 5.4761, 4.95984, 2.9189)

[node name="6MLog94" parent="BlueSide/Supports/BlueLowerConnector" instance=ExtResource("8_q1rhp")]
transform = Transform3D(1.31141e-07, 1, -4.71839e-08, -0.0548457, -4.35393e-08, -0.998495, -0.998495, 1.31134e-07, 0.0548457, -5.2739, 4.95984, 2.0439)

[node name="6MLog95" parent="BlueSide/Supports/BlueLowerConnector" instance=ExtResource("8_q1rhp")]
transform = Transform3D(1.31141e-07, 1, -4.71839e-08, -0.0548457, -4.35393e-08, -0.998495, -0.998495, 1.31134e-07, 0.0548457, 0.601101, 4.95984, 2.0439)

[node name="6MLog96" parent="BlueSide/Supports/BlueLowerConnector" instance=ExtResource("8_q1rhp")]
transform = Transform3D(1.31141e-07, 1, -4.71839e-08, -0.0548457, -4.35393e-08, -0.998495, -0.998495, 1.31134e-07, 0.0548457, -5.2739, 4.95984, -1.9561)

[node name="6MLog97" parent="BlueSide/Supports/BlueLowerConnector" instance=ExtResource("8_q1rhp")]
transform = Transform3D(1.31141e-07, 1, -4.71839e-08, -0.0548457, -4.35393e-08, -0.998495, -0.998495, 1.31134e-07, 0.0548457, 0.601101, 4.95984, -1.9561)

[node name="6MLog75" parent="BlueSide/Supports/BlueLowerConnector" instance=ExtResource("8_q1rhp")]
transform = Transform3D(-0.999391, 0.0348995, 0, -0.0348995, -0.999391, 0, 0, 0, 1, -5.7739, 5.3348, 1.5722)

[node name="6MLog76" parent="BlueSide/Supports/BlueLowerConnector" instance=ExtResource("8_q1rhp")]
transform = Transform3D(-1, -8.74228e-08, 0, 8.73695e-08, -0.999391, -0.0348995, 3.05101e-09, -0.0348995, 0.999391, -5.0673, 5.3348, 2.223)

[node name="6MLog79" parent="BlueSide/Supports/BlueLowerConnector" instance=ExtResource("8_q1rhp")]
transform = Transform3D(0.999391, -0.0348995, 8.74228e-08, -0.0348995, -0.999391, 0, 8.73695e-08, -3.05101e-09, -1, 5.75, 5.335, -1.625)

[node name="6MLog80" parent="BlueSide/Supports/BlueLowerConnector" instance=ExtResource("8_q1rhp")]
transform = Transform3D(0.998537, 0.00188741, -0.0540459, 8.73695e-08, -0.999391, -0.0348995, -0.0540788, 0.0348484, -0.997929, 5.125, 5.335, -2.25)

[node name="6MLog77" parent="BlueSide/Supports/BlueLowerConnector" instance=ExtResource("8_q1rhp")]
transform = Transform3D(0.0548457, 8.72507e-08, 0.998495, -8.50981e-08, -1, 8.84321e-08, 0.998495, -8.74228e-08, -0.0548457, 5.129, 5.3348, 2.3179)

[node name="6MLog78" parent="BlueSide/Supports/BlueLowerConnector" instance=ExtResource("8_q1rhp")]
transform = Transform3D(0.0548457, 8.72507e-08, 0.998495, -8.50981e-08, -1, 8.84321e-08, 0.998495, -8.74228e-08, -0.0548457, 5.7478, 5.3348, 1.5443)

[node name="6MLog71" parent="BlueSide/Supports/BlueLowerConnector" instance=ExtResource("8_q1rhp")]
transform = Transform3D(-0.0548457, -8.72507e-08, -0.998495, -8.50981e-08, -1, 8.84321e-08, -0.998495, 8.74228e-08, 0.0548457, -5.0952, 5.3348, -2.3307)

[node name="6MLog72" parent="BlueSide/Supports/BlueLowerConnector" instance=ExtResource("8_q1rhp")]
transform = Transform3D(4.37114e-08, 3.82137e-15, -1, 8.74228e-08, -1, 0, -1, -8.74228e-08, -4.37114e-08, -5.746, 5.3348, -1.6241)

[node name="1MLog" parent="BlueSide/Supports/BlueLowerConnector" instance=ExtResource("11_4gm4m")]
transform = Transform3D(1, 0, 0, 0, 0.999391, -0.0348995, 0, 0.0348995, 0.999391, 4, 4, 2.6923)

[node name="BlueMidConnector" type="Node3D" parent="BlueSide/Supports"]
transform = Transform3D(1, 0, 0, 0, 1, 0, 0, 0, 1, 9, 0, 2.5)

[node name="6MLog15" parent="BlueSide/Supports/BlueMidConnector" instance=ExtResource("8_q1rhp")]
transform = Transform3D(1, 0, 0, 0, 0.999391, -0.0348995, 0, 0.0348995, 0.999391, 2.66, -0.125228, 5.64835)

[node name="6MLog23" parent="BlueSide/Supports/BlueMidConnector" instance=ExtResource("8_q1rhp")]
transform = Transform3D(-4.37114e-08, -1, 0, 1, -4.37114e-08, 0, 0, 0, 1, 3.035, 5.03314, 5.64835)

[node name="6MLog26" parent="BlueSide/Supports/BlueMidConnector" instance=ExtResource("8_q1rhp")]
transform = Transform3D(-4.37114e-08, -1, 0, 1, -4.37114e-08, 0, 0, 0, 1, 3.035, 5.03314, -5.60165)

[node name="6MLog24" parent="BlueSide/Supports/BlueMidConnector" instance=ExtResource("8_q1rhp")]
transform = Transform3D(1.91069e-15, 4.37114e-08, -1, 1, -4.37114e-08, 0, -4.37114e-08, -1, -4.37114e-08, 2.785, 4.65814, 5.64835)

[node name="6MLog25" parent="BlueSide/Supports/BlueMidConnector" instance=ExtResource("8_q1rhp")]
transform = Transform3D(1.91069e-15, 4.37114e-08, -1, 1, -4.37114e-08, 0, -4.37114e-08, -1, -4.37114e-08, 2.785, 4.65814, -0.22665)

[node name="6MLog73" parent="BlueSide/Supports/BlueMidConnector" instance=ExtResource("8_q1rhp")]
transform = Transform3D(1.91069e-15, 4.37114e-08, -1, 1, -4.37114e-08, 0, -4.37114e-08, -1, -4.37114e-08, -2.96497, 4.65814, 5.64835)

[node name="6MLog74" parent="BlueSide/Supports/BlueMidConnector" instance=ExtResource("8_q1rhp")]
transform = Transform3D(1.91069e-15, 4.37114e-08, -1, 1, -4.37114e-08, 0, -4.37114e-08, -1, -4.37114e-08, -2.96497, 4.65814, -0.22665)

[node name="6MLog16" parent="BlueSide/Supports/BlueMidConnector" instance=ExtResource("8_q1rhp")]
transform = Transform3D(-4.37114e-08, 0.0348995, 0.999391, 0, 0.999391, -0.0348995, -1, -1.52551e-09, -4.36848e-08, 3.16, -0.125228, 5.14842)

[node name="6MLog21" parent="BlueSide/Supports/BlueMidConnector" instance=ExtResource("8_q1rhp")]
transform = Transform3D(-1, -3.05101e-09, -8.73695e-08, 0, 0.999391, -0.0348995, 8.74228e-08, -0.0348995, -0.999391, -2.59004, -0.125228, -5.60158)

[node name="6MLog22" parent="BlueSide/Supports/BlueMidConnector" instance=ExtResource("8_q1rhp")]
transform = Transform3D(1.31134e-07, -0.0348995, -0.999391, 0, 0.999391, -0.0348995, 1, 4.57652e-09, 1.31054e-07, -3.08997, -0.125228, -5.10165)

[node name="6MLog19" parent="BlueSide/Supports/BlueMidConnector" instance=ExtResource("8_q1rhp")]
transform = Transform3D(-4.37114e-08, 0, -1, 0, 1, 0, 1, 0, -4.37114e-08, -3.30779, -0.125228, 5.14842)

[node name="6MLog20" parent="BlueSide/Supports/BlueMidConnector" instance=ExtResource("8_q1rhp")]
transform = Transform3D(1, 0, -3.55271e-15, 0, 0.999391, -0.0348995, 0, 0.0348995, 0.999391, -2.59004, -0.125228, 5.64835)

[node name="6MLog17" parent="BlueSide/Supports/BlueMidConnector" instance=ExtResource("8_q1rhp")]
transform = Transform3D(-4.37114e-08, 0, 1, 0, 1, 0, -1, 0, -4.37114e-08, 3.3036, -0.125228, -5.10165)

[node name="6MLog18" parent="BlueSide/Supports/BlueMidConnector" instance=ExtResource("8_q1rhp")]
transform = Transform3D(-1, -3.05101e-09, -8.73695e-08, 0, 0.999391, -0.0348995, 8.74228e-08, -0.0348995, -0.999391, 2.66, -0.125228, -5.60158)

[node name="BlueMid" type="Node3D" parent="BlueSide/Supports"]
transform = Transform3D(1, 0, 0, 0, 1, 0, 0, 0, 1, 21, 0, 1)

[node name="6MLog27" parent="BlueSide/Supports/BlueMid" instance=ExtResource("8_q1rhp")]
transform = Transform3D(0.166946, -0.0527321, 0.984555, -0.00607268, 0.998495, 0.0545085, -0.985947, -0.0150789, 0.166375, -7.843, -0.0698724, -10.5307)

[node name="6MLog28" parent="BlueSide/Supports/BlueMid" instance=ExtResource("8_q1rhp")]
transform = Transform3D(-0.995516, -0.000891142, -0.0945843, 0.00103347, 0.999794, -0.0202972, 0.0945829, -0.020304, -0.99531, -7.4082, -0.0698724, -11.0531)

[node name="6MLog29" parent="BlueSide/Supports/BlueMid" instance=ExtResource("8_q1rhp")]
transform = Transform3D(0.167046, 0.0524476, 0.984553, 0.0052283, 0.998523, -0.0540788, -0.985935, 0.0141812, 0.166525, -8.1379, 5.61517, -10.5851)

[node name="6MLog30" parent="BlueSide/Supports/BlueMid" instance=ExtResource("8_q1rhp")]
transform = Transform3D(-0.995563, 0.000233269, -0.0940876, -0.00174494, 0.99978, 0.0209424, 0.0940717, 0.0210137, -0.995344, -7.4183, 5.44032, -11.1793)

[node name="6MLog13" parent="BlueSide/Supports/BlueMid" instance=ExtResource("8_q1rhp")]
transform = Transform3D(-0.166946, 0.0527321, -0.984555, -0.00607268, 0.998495, 0.0545085, 0.985947, 0.0150789, -0.166375, 7.9936, 4.3434, 10.6826)

[node name="6MLog14" parent="BlueSide/Supports/BlueMid" instance=ExtResource("8_q1rhp")]
transform = Transform3D(0.995516, 0.000891144, 0.0945844, 0.00103347, 0.999794, -0.0202972, -0.094583, 0.020304, 0.99531, 7.5588, 4.3434, 11.205)

[node name="6MLog31" parent="BlueSide/Supports/BlueMid" instance=ExtResource("8_q1rhp")]
transform = Transform3D(-4.38499e-08, -1, 4.23891e-08, -0.0548457, -4.35393e-08, -0.998495, 0.998495, -4.37114e-08, -0.0548457, -2.7739, 9.95984, 11.0439)

[node name="6MLog38" parent="BlueSide/Supports/BlueMid" instance=ExtResource("8_q1rhp")]
transform = Transform3D(-0.998495, 8.74228e-08, 0.0548457, -0.0548457, -4.35393e-08, -0.998495, -8.74955e-08, -1, 4.47865e-08, -8.0239, 9.95984, 11.0439)

[node name="6MLog46" parent="BlueSide/Supports/BlueMid" instance=ExtResource("8_q1rhp")]
transform = Transform3D(-0.998495, 8.74228e-08, 0.0548457, -8.50981e-08, -1, 8.84321e-08, 0.0548457, 8.72507e-08, 0.998495, -8.2739, 10.3348, 10.6972)

[node name="6MLog47" parent="BlueSide/Supports/BlueMid" instance=ExtResource("8_q1rhp")]
transform = Transform3D(-0.998495, 8.74228e-08, 0.0548457, -8.50981e-08, -1, 8.84321e-08, 0.0548457, 8.72507e-08, 0.998495, -7.5673, 10.3348, 11.348)

[node name="6MLog39" parent="BlueSide/Supports/BlueMid" instance=ExtResource("8_q1rhp")]
transform = Transform3D(-0.0548457, -7.45058e-08, -0.998495, 0.998495, -9.31323e-08, -0.0548457, -8.19564e-08, -1, 4.47035e-08, -8.0239, 9.95984, 5.16892)

[node name="6MLog40" parent="BlueSide/Supports/BlueMid" instance=ExtResource("8_q1rhp")]
transform = Transform3D(0.0548456, 7.45058e-08, 0.998495, -0.998495, 9.31323e-08, 0.0548456, -8.19564e-08, -1, 4.47035e-08, -8.0239, 9.95984, -0.70608)

[node name="6MLog41" parent="BlueSide/Supports/BlueMid" instance=ExtResource("8_q1rhp")]
transform = Transform3D(-0.998495, 9.31322e-08, 0.0548455, -0.0548455, -7.45058e-08, -0.998495, -8.19564e-08, -1, 4.47035e-08, -8.0239, 9.95984, -4.95608)

[node name="6MLog42" parent="BlueSide/Supports/BlueMid" instance=ExtResource("8_q1rhp")]
transform = Transform3D(8.9407e-08, 1, -4.37722e-08, -0.0548455, -7.45058e-08, -0.998495, -0.998495, 8.9407e-08, 0.0548455, -7.5239, 9.95984, -11.0811)

[node name="6MLog43" parent="BlueSide/Supports/BlueMid" instance=ExtResource("8_q1rhp")]
transform = Transform3D(8.9407e-08, 1, -4.37722e-08, 0.998495, -8.9407e-08, -0.0548456, -0.0548456, -7.45058e-08, -0.998495, -1.6489, 9.95984, -11.0811)

[node name="6MLog44" parent="BlueSide/Supports/BlueMid" instance=ExtResource("8_q1rhp")]
transform = Transform3D(8.9407e-08, 1, -4.37722e-08, -0.0548456, -7.45058e-08, -0.998495, -0.998495, 8.9407e-08, 0.0548456, 4.1011, 9.95984, -11.0811)

[node name="6MLog32" parent="BlueSide/Supports/BlueMid" instance=ExtResource("8_q1rhp")]
transform = Transform3D(-4.38499e-08, -1, 4.23891e-08, -0.0548457, -4.35393e-08, -0.998495, 0.998495, -4.37114e-08, -0.0548457, 3.1011, 9.95984, 11.0439)

[node name="6MLog33" parent="BlueSide/Supports/BlueMid" instance=ExtResource("8_q1rhp")]
transform = Transform3D(1.19209e-07, 1, -5.40167e-08, -0.0548457, -4.16766e-08, -0.998495, -0.998495, 1.49012e-07, 0.0548457, 2.9761, 9.95984, 11.0439)

[node name="6MLog34" parent="BlueSide/Supports/BlueMid" instance=ExtResource("8_q1rhp")]
transform = Transform3D(-0.998495, 1.053e-07, 0.0548457, -0.0548457, -4.16766e-08, -0.998495, -7.55637e-08, -1, 5.16193e-08, 8.1011, 9.95984, 10.9189)

[node name="6MLog35" parent="BlueSide/Supports/BlueMid" instance=ExtResource("8_q1rhp")]
transform = Transform3D(-0.0548457, -4.16766e-08, -0.998495, 0.998495, -1.053e-07, -0.0548457, -7.55637e-08, -1, 5.16193e-08, 8.1011, 9.95984, 5.04392)

[node name="6MLog88" parent="BlueSide/Supports/BlueMid" instance=ExtResource("8_q1rhp")]
transform = Transform3D(0.0548457, -4.57462e-08, 0.998495, 0.998495, -1.053e-07, -0.0548457, 8.03584e-08, 1, 3.56719e-08, -2, 10, 0.875)

[node name="6MLog90" parent="BlueSide/Supports/BlueMid" instance=ExtResource("8_q1rhp")]
transform = Transform3D(0.0548457, -4.57462e-08, 0.998495, 0.998495, -1.053e-07, -0.0548457, 8.03584e-08, 1, 3.56719e-08, -2, 10, -6.75)

[node name="6MLog91" parent="BlueSide/Supports/BlueMid" instance=ExtResource("8_q1rhp")]
transform = Transform3D(0.0548457, -4.57462e-08, 0.998495, 0.998495, -1.053e-07, -0.0548457, 8.03584e-08, 1, 3.56719e-08, -2, 10, -11.25)

[node name="6MLog89" parent="BlueSide/Supports/BlueMid" instance=ExtResource("8_q1rhp")]
transform = Transform3D(0.0548457, -4.57462e-08, 0.998495, 0.998495, -1.053e-07, -0.0548457, 8.03584e-08, 1, 3.56719e-08, -2, 10, 5.125)

[node name="6MLog87" parent="BlueSide/Supports/BlueMid" instance=ExtResource("8_q1rhp")]
transform = Transform3D(-8.27558e-08, -1, -7.93175e-08, 0.998495, -1.053e-07, -0.0548457, 0.0548457, -8.94576e-08, 0.998495, -2, 10, 0)

[node name="6MLog86" parent="BlueSide/Supports/BlueMid" instance=ExtResource("8_q1rhp")]
transform = Transform3D(7.79611e-08, 1, -7.97369e-09, 0.998495, -1.053e-07, -0.0548457, -0.0548457, 2.03479e-09, -0.998495, 4.75, 10, 0)

[node name="6MLog36" parent="BlueSide/Supports/BlueMid" instance=ExtResource("8_q1rhp")]
transform = Transform3D(-0.998495, 1.053e-07, 0.0548457, -0.0548457, -4.16766e-08, -0.998495, -7.55637e-08, -1, 5.16193e-08, 8.1011, 9.95984, -0.83108)

[node name="6MLog37" parent="BlueSide/Supports/BlueMid" instance=ExtResource("8_q1rhp")]
transform = Transform3D(0.0548458, 4.16766e-08, 0.998495, -0.998495, 1.053e-07, 0.0548458, -7.55637e-08, -1, 5.16193e-08, 8.1011, 9.95984, -6.70608)

[node name="6MLog" parent="BlueSide/Supports/BlueMid" instance=ExtResource("8_q1rhp")]
transform = Transform3D(0.998495, 0.0548457, 0, -0.0548457, 0.998495, 0, 0, 0, 1, 3.9509, -0.862024, -6.57267)

[node name="6MLog5" parent="BlueSide/Supports/BlueMid" instance=ExtResource("8_q1rhp")]
transform = Transform3D(0.998495, 0.0548457, 0, -0.0548457, 0.998495, 0, 0, 0, 1, 3.9509, -0.858648, -2.02014)

[node name="6MLog6" parent="BlueSide/Supports/BlueMid" instance=ExtResource("8_q1rhp")]
transform = Transform3D(0.110556, 0.0548457, -0.992355, -0.00607268, 0.998495, 0.0545085, 0.993851, 4.03274e-10, 0.110723, 3.9509, -0.879595, 2.1713)

[node name="6MLog7" parent="BlueSide/Supports/BlueMid" instance=ExtResource("8_q1rhp")]
transform = Transform3D(-0.166946, 0.0527321, -0.984555, -0.00607268, 0.998495, 0.0545085, 0.985947, 0.0150789, -0.166375, 3.9197, -0.859696, 6.53641)

[node name="6MLog8" parent="BlueSide/Supports/BlueMid" instance=ExtResource("8_q1rhp")]
transform = Transform3D(0.995516, 0.000891144, 0.0945844, 0.00103347, 0.999794, -0.0202972, -0.094583, 0.020304, 0.99531, 3.5161, -0.859696, 7.05879)

[node name="6MLog11" parent="BlueSide/Supports/BlueMid" instance=ExtResource("8_q1rhp")]
transform = Transform3D(0.999115, 0.0368668, 0.0202415, 0.0364399, -0.999114, 0.0210705, 0.0210004, -0.0203143, -0.999573, -2.1197, 5.10863, 7.24323)

[node name="6MLog12" parent="BlueSide/Supports/BlueMid" instance=ExtResource("8_q1rhp")]
transform = Transform3D(0.995516, 0.000437452, 0.0945936, 0.00148522, 0.999794, -0.0202542, -0.094583, 0.020304, 0.99531, -7.705, -0.5, 7.123)

[node name="6MLog2" parent="BlueSide/Supports/BlueMid" instance=ExtResource("8_q1rhp")]
transform = Transform3D(0.998495, 0, -0.0548457, -0.0548457, -4.35393e-08, -0.998495, 0, 1, -4.37114e-08, 4.2943, 4.70984, -7.62337)

[node name="6MLog9" parent="BlueSide/Supports/BlueMid" instance=ExtResource("8_q1rhp")]
transform = Transform3D(0.998495, 0, -0.0548457, -0.0548457, -4.35393e-08, -0.998495, 0, 1, -4.37114e-08, 4.2943, 4.69431, 1.78431)

[node name="6MLog4" parent="BlueSide/Supports/BlueMid" instance=ExtResource("8_q1rhp")]
transform = Transform3D(-4.38499e-08, -1, 4.23891e-08, -0.0548457, -4.35393e-08, -0.998495, 0.998495, -4.37114e-08, -0.0548457, 3.9549, 4.70984, 7.29392)

[node name="6MLog10" parent="BlueSide/Supports/BlueMid" instance=ExtResource("8_q1rhp")]
transform = Transform3D(-4.38499e-08, -1, 4.23891e-08, -0.0548457, -4.35393e-08, -0.998495, 0.998495, -4.37114e-08, -0.0548457, -2.0776, 4.70984, 7.29392)

[node name="6MLog81" parent="BlueSide/Supports/BlueMid" instance=ExtResource("8_q1rhp")]
transform = Transform3D(7.79611e-08, 1, -7.97369e-09, 0.998495, -1.053e-07, -0.0548457, -0.0548457, 2.03479e-09, -0.998495, -1, 10, 0)

[node name="6MLog3" parent="BlueSide/Supports/BlueMid" instance=ExtResource("8_q1rhp")]
transform = Transform3D(0.528691, 0.848695, -0.0142526, -0.848386, 0.528883, 0.0228871, 0.0269621, -8.47134e-06, 0.999636, -4.1829, -0.465337, -7.29547)

[node name="4MLog2" parent="BlueSide/Supports/BlueMid" instance=ExtResource("9_3633r")]
transform = Transform3D(0.528424, 0.848861, -0.0142526, -0.848552, 0.528616, 0.0228871, 0.0269621, -9.31323e-10, 0.999636, 0.862301, 2.67619, -7.29546)

[node name="4MLog1" parent="BlueSide/Supports/BlueMid" instance=ExtResource("9_3633r")]
transform = Transform3D(0.994739, 0, -0.102445, 0, 1, 0, 0.102445, 0, 0.994739, 1.1243, -1.18577, -7.32306)

[node name="4MLog" parent="BlueSide/Supports/BlueMid" instance=ExtResource("9_3633r")]
transform = Transform3D(1, 0, 0, 0, -4.37114e-08, -1, 0, 1, -4.37114e-08, 4.3054, 4.65845, -1.89996)

[node name="6MLog45" parent="BlueSide/Supports/BlueMid" instance=ExtResource("8_q1rhp")]
transform = Transform3D(0.0548133, 0.0344111, 0.997904, 0.00188726, -0.999408, 0.0343594, 0.998495, -8.9407e-08, -0.0548458, 8.1011, 9.95984, -10.5811)

[node name="BlueUpperConnector" type="Node3D" parent="BlueSide/Supports"]
transform = Transform3D(1, 0, 0, 0, 1, 0, 0, 0, 1, 23.5, 5, -18)

[node name="6MLog50" parent="BlueSide/Supports/BlueUpperConnector" instance=ExtResource("8_q1rhp")]
transform = Transform3D(0.0548458, 4.16766e-08, 0.998495, -0.998495, 1.053e-07, 0.0548458, -7.55637e-08, -1, 5.16193e-08, 5.625, 4.125, 7.5)

[node name="6MLog52" parent="BlueSide/Supports/BlueUpperConnector" instance=ExtResource("8_q1rhp")]
transform = Transform3D(0.0548458, 4.16766e-08, 0.998495, -0.998495, 1.053e-07, 0.0548458, -7.55637e-08, -1, 5.16193e-08, -5.625, 4.125, 1.875)

[node name="6MLog51" parent="BlueSide/Supports/BlueUpperConnector" instance=ExtResource("8_q1rhp")]
transform = Transform3D(0.0548458, 4.16766e-08, 0.998495, -0.998495, 1.053e-07, 0.0548458, -7.55637e-08, -1, 5.16193e-08, 1.375, 4.125, 7.75)

[node name="6MLog61" parent="BlueSide/Supports/BlueUpperConnector" instance=ExtResource("8_q1rhp")]
transform = Transform3D(0.0548458, 4.16766e-08, 0.998495, -0.998495, 1.053e-07, 0.0548458, -7.55637e-08, -1, 5.16193e-08, -1.375, 4.125, -2.125)

[node name="6MLog49" parent="BlueSide/Supports/BlueUpperConnector" instance=ExtResource("8_q1rhp")]
transform = Transform3D(0.0548133, 0.0344111, 0.997904, 0.00188726, -0.999408, 0.0343594, 0.998495, -8.9407e-08, -0.0548458, 5.5228, 4.95714, 7.6732)

[node name="6MLog55" parent="BlueSide/Supports/BlueUpperConnector" instance=ExtResource("8_q1rhp")]
transform = Transform3D(-1, 0, 8.74228e-08, 0, 1, 0, -8.74228e-08, 0, -1, -5.75, -0.35956, -7.75)

[node name="6MLog56" parent="BlueSide/Supports/BlueUpperConnector" instance=ExtResource("8_q1rhp")]
transform = Transform3D(-1, 0, 8.74228e-08, 0, 1, 0, -8.74228e-08, 0, -1, -1.25, -0.35956, -7.75)

[node name="6MLog48" parent="BlueSide/Supports/BlueUpperConnector" instance=ExtResource("8_q1rhp")]
transform = Transform3D(0.999376, 0.0353181, 0, -0.0353181, 0.999376, 0, 0, 0, 1, 1.25, -0.5, 7.75)

[node name="4MLog3" parent="BlueSide/Supports/BlueUpperConnector" instance=ExtResource("9_3633r")]
transform = Transform3D(-4.37114e-08, 1, 0, -1, -4.37114e-08, 0, 0, 0, 1, 1.4889, 4.29268, 7.6574)

[node name="2MLog" parent="BlueSide/Supports/BlueUpperConnector" instance=ExtResource("10_pc7c4")]
transform = Transform3D(1, 0, 0, 0, 1, 0, 0, 0, 1, 1.2137, -0.19498, 2.2628)

[node name="2MLog2" parent="BlueSide/Supports/BlueUpperConnector" instance=ExtResource("10_pc7c4")]
transform = Transform3D(1, 0, 0, 0, 1, 0, 0, 0, 1, 1.2137, 2.21829, 2.2628)

[node name="2MLog3" parent="BlueSide/Supports/BlueUpperConnector" instance=ExtResource("10_pc7c4")]
transform = Transform3D(1, 0, 0, 0, 1, 0, 0, 0, 1, -1.2176, -0.19498, -2.2986)

[node name="2MLog4" parent="BlueSide/Supports/BlueUpperConnector" instance=ExtResource("10_pc7c4")]
transform = Transform3D(1, 0, 0, 0, 1, 0, 0, 0, 1, -1.2176, 2.21829, -2.2986)

[node name="4MLog4" parent="BlueSide/Supports/BlueUpperConnector" instance=ExtResource("9_3633r")]
transform = Transform3D(1, 0, 0, 0, 1, 0, 0, 0, 1, 5.7335, -0.12221, -1.625)

[node name="4MLog5" parent="BlueSide/Supports/BlueUpperConnector" instance=ExtResource("9_3633r")]
transform = Transform3D(1, 0, 0, 0, -4.37114e-08, 1, 0, -1, -4.37114e-08, 5.625, 4.125, 1.625)

[node name="4MLog12" parent="BlueSide/Supports/BlueUpperConnector" instance=ExtResource("9_3633r")]
transform = Transform3D(1, 0, 0, 0, -4.37114e-08, 1, 0, -1, -4.37114e-08, -5.625, 4.125, -4)

[node name="4MLog6" parent="BlueSide/Supports/BlueUpperConnector" instance=ExtResource("9_3633r")]
transform = Transform3D(-4.37114e-08, -1, -4.37114e-08, 0, -4.37114e-08, 1, -1, 4.37114e-08, 1.91069e-15, 1.625, 4.125, 2.125)

[node name="4MLog7" parent="BlueSide/Supports/BlueUpperConnector" instance=ExtResource("9_3633r")]
transform = Transform3D(-4.37114e-08, -1, -4.37114e-08, 0, -4.37114e-08, 1, -1, 4.37114e-08, 1.91069e-15, -2.125, 4.125, 2.125)

[node name="4MLog13" parent="BlueSide/Supports/BlueUpperConnector" instance=ExtResource("9_3633r")]
transform = Transform3D(-4.37114e-08, -1, -4.37114e-08, 0, -4.37114e-08, 1, -1, 4.37114e-08, 1.91069e-15, -1.5, 4.25, -7.75)

[node name="4MLog10" parent="BlueSide/Supports/BlueUpperConnector" instance=ExtResource("9_3633r")]
transform = Transform3D(-4.37114e-08, -1, -4.37114e-08, 0, -4.37114e-08, 1, -1, 4.37114e-08, 1.91069e-15, 6, 4.125, -2.125)

[node name="4MLog11" parent="BlueSide/Supports/BlueUpperConnector" instance=ExtResource("9_3633r")]
transform = Transform3D(-4.37114e-08, -1, -4.37114e-08, 0, -4.37114e-08, 1, -1, 4.37114e-08, 1.91069e-15, 2.25, 4.125, -2.125)

[node name="4MLog8" parent="BlueSide/Supports/BlueUpperConnector" instance=ExtResource("9_3633r")]
transform = Transform3D(1, 0, 0, 0, 1, 0, 0, 0, 1, 5.1085, -0.12221, -2.25)

[node name="4MLog9" parent="BlueSide/Supports/BlueUpperConnector" instance=ExtResource("9_3633r")]
transform = Transform3D(-1, 0, -8.74228e-08, 0, 1, 0, 8.74228e-08, 0, -1, -5.1415, -0.0999999, 2.25)

[node name="4MLog17" parent="BlueSide/Supports/BlueUpperConnector" instance=ExtResource("9_3633r")]
transform = Transform3D(-1, 0, -8.74228e-08, 0, 1, 0, 8.74228e-08, 0, -1, -5.7665, -0.0999999, 1.625)

[node name="BlueUpper" type="Node3D" parent="BlueSide/Supports"]
transform = Transform3D(1, 0, 0, 0, 1, 0, 0, 0, 1, 20, 5, -32.5)

[node name="6MLog53" parent="BlueSide/Supports/BlueUpper" instance=ExtResource("8_q1rhp")]
transform = Transform3D(4.67624e-08, 0.0348994, 0.999391, 8.73695e-08, 0.999391, -0.0348995, -1, 8.89483e-08, 4.36848e-08, -3.2887, -0.0862398, 6.085)

[node name="6MLog60" parent="BlueSide/Supports/BlueUpper" instance=ExtResource("8_q1rhp")]
transform = Transform3D(-0.00121802, 0.0348782, 0.999391, -0.0348782, 0.998782, -0.0348995, -0.999391, -0.0348995, -4.36848e-08, -3.1945, -0.0862398, 2.71)

[node name="6MLog54" parent="BlueSide/Supports/BlueUpper" instance=ExtResource("8_q1rhp")]
transform = Transform3D(-1, 8.74228e-08, 0, 8.73695e-08, 0.999391, -0.0348995, -3.05101e-09, -0.0348994, -0.999391, -2.6945, -0.0862398, 6.71)

[node name="6MLog62" parent="BlueSide/Supports/BlueUpper" instance=ExtResource("8_q1rhp")]
transform = Transform3D(4.67624e-08, 0.0348994, 0.999391, 8.73695e-08, 0.999391, -0.0348995, -1, 8.89483e-08, 4.36848e-08, -7.25, -0.086, 2.085)

[node name="6MLog63" parent="BlueSide/Supports/BlueUpper" instance=ExtResource("8_q1rhp")]
transform = Transform3D(-1, 8.74228e-08, 0, 8.73695e-08, 0.999391, -0.0348995, -3.05101e-09, -0.0348994, -0.999391, -6.5695, -0.0862398, 2.71)

[node name="6MLog65" parent="BlueSide/Supports/BlueUpper" instance=ExtResource("8_q1rhp")]
transform = Transform3D(1, -9.04738e-08, -8.73696e-08, 8.73695e-08, 0.999391, -0.0348995, 9.04738e-08, 0.0348994, 0.999391, -6.5972, -0.086, -6.6927)

[node name="6MLog66" parent="BlueSide/Supports/BlueUpper" instance=ExtResource("8_q1rhp")]
transform = Transform3D(4.67624e-08, 0.0348994, 0.999391, 8.73695e-08, 0.999391, -0.0348995, -1, 8.89483e-08, 4.36848e-08, -7.2222, -0.0862398, -6.0123)

[node name="6MLog68" parent="BlueSide/Supports/BlueUpper" instance=ExtResource("8_q1rhp")]
transform = Transform3D(-1.34185e-07, -0.0348994, -0.999391, 8.73695e-08, 0.999391, -0.0348995, 1, -9.19993e-08, -1.31054e-07, 7.1805, -0.086, -6.04)

[node name="6MLog69" parent="BlueSide/Supports/BlueUpper" instance=ExtResource("8_q1rhp")]
transform = Transform3D(1, -9.04738e-08, -8.73695e-08, 8.73695e-08, 0.999391, -0.0348995, 9.04738e-08, 0.0348994, 0.999391, 6.5, -0.0862398, -6.665)

[node name="6MLog57" parent="BlueSide/Supports/BlueUpper" instance=ExtResource("8_q1rhp")]
transform = Transform3D(-1, 8.74228e-08, 0, 8.73695e-08, 0.999391, -0.0348995, -3.05101e-09, -0.0348994, -0.999391, 6.5555, -0.0862398, 6.71)

[node name="6MLog58" parent="BlueSide/Supports/BlueUpper" instance=ExtResource("8_q1rhp")]
transform = Transform3D(4.06604e-08, -0.0348994, -0.999391, 8.73695e-08, 0.999391, -0.0348995, 1, -8.58973e-08, 4.36848e-08, 7.1805, -0.0862398, 6.085)

[node name="6MLog59" parent="BlueSide/Supports/BlueUpper" instance=ExtResource("8_q1rhp")]
transform = Transform3D(4.37114e-08, -1, -3.82137e-15, -1, -4.37114e-08, 8.74228e-08, -8.74228e-08, 0, -1, 3.125, 5, 6.5)

[node name="4MLog15" parent="BlueSide/Supports/BlueUpper" instance=ExtResource("9_3633r")]
transform = Transform3D(1, -1.06581e-14, -4.02341e-21, 0, -4.37114e-08, 1, -1.06581e-14, -1, -4.37114e-08, -3, 5, 6.75)

[node name="4MLog16" parent="BlueSide/Supports/BlueUpper" instance=ExtResource("9_3633r")]
transform = Transform3D(-5.96046e-08, -1, -4.37114e-08, 0, -4.37114e-08, 1, -1, 5.96046e-08, 5.32907e-15, -3.125, 5, 2.5)

[node name="4MLog14" parent="BlueSide/Supports/BlueUpper" instance=ExtResource("9_3633r")]
transform = Transform3D(-4.37114e-08, -1, -4.37114e-08, 0, -4.37114e-08, 1, -1, 4.37114e-08, 1.91069e-15, 6.875, 5, 6.5)

[node name="6MLog64" parent="BlueSide/Supports/BlueUpper" instance=ExtResource("8_q1rhp")]
transform = Transform3D(8.74228e-08, -2.98023e-08, 1, -1, -4.37114e-08, 8.74228e-08, 4.37114e-08, -1, -2.98023e-08, -7, 5, -1.625)

[node name="4MLog18" parent="BlueSide/Supports/BlueUpper" instance=ExtResource("9_3633r")]
transform = Transform3D(1, -5.96046e-08, -2.66454e-15, 0, -4.37114e-08, 1, -5.96046e-08, -1, -4.37114e-08, -7, 5, 2.125)

[node name="6MLog67" parent="BlueSide/Supports/BlueUpper" instance=ExtResource("8_q1rhp")]
transform = Transform3D(4.37114e-08, -1, -7.35137e-08, -1, -4.37114e-08, 8.74228e-08, -8.74228e-08, 7.35137e-08, -1, -0.75, 5, -6.5)

[node name="4MLog19" parent="BlueSide/Supports/BlueUpper" instance=ExtResource("9_3633r")]
transform = Transform3D(-1.03316e-07, -1, -4.37114e-08, 0, -4.37114e-08, 1, -1, 1.03316e-07, 4.57522e-15, 3, 5, -6.5)

[node name="4MLog20" parent="BlueSide/Supports/BlueUpper" instance=ExtResource("9_3633r")]
transform = Transform3D(-1.03316e-07, -1, -4.37114e-08, 0, -4.37114e-08, 1, -1, 1.03316e-07, 4.57522e-15, 6.875, 5, -6.5)

[node name="6MLog70" parent="BlueSide/Supports/BlueUpper" instance=ExtResource("8_q1rhp")]
transform = Transform3D(8.74228e-08, -2.98023e-08, 1, -1, -4.37114e-08, 8.74228e-08, 4.37114e-08, -1, -2.98023e-08, 7.125, 5, -1.25)

[node name="4MLog21" parent="BlueSide/Supports/BlueUpper" instance=ExtResource("9_3633r")]
transform = Transform3D(1, -5.96046e-08, -2.66454e-15, 0, -4.37114e-08, 1, -5.96046e-08, -1, -4.37114e-08, 7.125, 5, 2.5)

[node name="4MLog25" parent="BlueSide/Supports/BlueUpper" instance=ExtResource("9_3633r")]
transform = Transform3D(1.58932e-08, 1, 4.37114e-08, 0, -4.37114e-08, 1, 1, -1.58932e-08, -7.53854e-16, 3.25, 5, -2)

[node name="4MLog26" parent="BlueSide/Supports/BlueUpper" instance=ExtResource("9_3633r")]
transform = Transform3D(1, -5.96046e-08, -2.66454e-15, 0, -4.37114e-08, 1, -5.96046e-08, -1, -4.37114e-08, 2.5, 5, -2.875)

[node name="4MLog28" parent="BlueSide/Supports/BlueUpper" instance=ExtResource("9_3633r")]
transform = Transform3D(-1.03316e-07, -1, -4.37114e-08, 0, -4.37114e-08, 1, -1, 1.03316e-07, 4.57523e-15, 1.75, 5, -2)

[node name="4MLog30" parent="BlueSide/Supports/BlueUpper" instance=ExtResource("9_3633r")]
transform = Transform3D(-1.03316e-07, -1, -4.37114e-08, 0, -4.37114e-08, 1, -1, 1.03316e-07, 4.57523e-15, -2.75, 5, -2)

[node name="4MLog29" parent="BlueSide/Supports/BlueUpper" instance=ExtResource("9_3633r")]
transform = Transform3D(-1, 1.47027e-07, 6.48591e-15, 0, -4.37114e-08, 1, 1.47027e-07, 1, 4.37114e-08, 2.5, 5, -1.875)

[node name="4MLog31" parent="BlueSide/Supports/BlueUpper" instance=ExtResource("9_3633r")]
transform = Transform3D(-1, 1.47027e-07, 6.48591e-15, 0, -4.37114e-08, 1, 1.47027e-07, 1, 4.37114e-08, 2.5, 5, 2.625)

