[gd_scene load_steps=18 format=3 uid="uid://o2h1ckasd2vt"]

[ext_resource type="PackedScene" uid="uid://ddao41v7s3ovx" path="res://Maps/BotSim/Temple/Temple.blend" id="1_c7hqf"]
[ext_resource type="PackedScene" uid="uid://djk7mxbgsy43v" path="res://Maps/BotSim/Temple/assets/RubbleA.blend" id="3_w0ikm"]
[ext_resource type="Material" uid="uid://b80w2toxnescd" path="res://Maps/BotSim/Temple/BrownStone.tres" id="3_xjmej"]
[ext_resource type="PackedScene" uid="uid://cs3ybux8en50" path="res://Maps/BotSim/Temple/assets/SupportArch.blend" id="4_ni7mr"]
[ext_resource type="PackedScene" uid="uid://c7kw14f0rdw0x" path="res://Maps/BotSim/Temple/assets/StoneDoorway.blend" id="4_oftx4"]
[ext_resource type="Material" uid="uid://jshlki0jjbbu" path="res://Maps/BotSim/Temple/BlueGlow.tres" id="4_welqx"]
[ext_resource type="Material" uid="uid://it15dhmdaegw" path="res://Maps/BotSim/Temple/RedGlow.tres" id="5_xh2gp"]
[ext_resource type="Material" uid="uid://ctgsfnqfckqbr" path="res://Maps/BotSim/Temple/WhiteGlow.tres" id="6_4gkpw"]
[ext_resource type="PackedScene" uid="uid://cjnxieq6a3k6j" path="res://Maps/BotSim/Temple/assets/6MLog.blend" id="7_fv1se"]
[ext_resource type="PackedScene" uid="uid://quvmcav0pm1r" path="res://Maps/BotSim/Temple/assets/2MLog.blend" id="7_rpeem"]
[ext_resource type="PackedScene" uid="uid://c1yfii2ty5pop" path="res://Maps/BotSim/Temple/assets/4MLog.blend" id="8_7phul"]
[ext_resource type="PackedScene" uid="uid://barphhjc2tbna" path="res://Maps/BotSim/Temple/assets/FloorTrimA.blend" id="9_atiog"]
[ext_resource type="PackedScene" uid="uid://ctlrdjxy1qx2s" path="res://Maps/BotSim/Temple/assets/1MLog.blend" id="9_nlpdx"]
[ext_resource type="PackedScene" uid="uid://b3tsxtveorf4p" path="res://Maps/BotSim/Temple/assets/FloorTrimB.blend" id="10_tc77q"]
[ext_resource type="PackedScene" uid="uid://dds7gd65l0ud2" path="res://Maps/BotSim/Temple/assets/FloorTrimC.blend" id="11_ryetl"]
[ext_resource type="Material" uid="uid://cewr1gno80bp4" path="res://Maps/BotSim/Temple/GreyStone.tres" id="12_vit10"]
[ext_resource type="Material" uid="uid://b63ha2txgh2r4" path="res://Maps/BotSim/Temple/RoughWood.tres" id="16_dbeog"]

[node name="Temple" instance=ExtResource("1_c7hqf")]

[node name="Lights" type="Node3D" parent="." index="0"]

[node name="BlueLightUpperSide" type="OmniLight3D" parent="Lights" index="0"]
transform = Transform3D(1, 0, 0, 0, 1, 0, 0, 0, 1, 22.5, 7.5, -34.5)
light_color = Color(0.258824, 0.619608, 1, 1)
light_energy = 5.0
shadow_enabled = true
shadow_opacity = 0.61
shadow_blur = 2.315
omni_range = 12.5

[node name="BlueLightCorner3" type="OmniLight3D" parent="Lights" index="1"]
transform = Transform3D(1, 0, 0, 0, 1, 0, 0, 0, 1, 24.75, 6.875, -15.75)
light_color = Color(0.26, 0.617666, 1, 1)
light_energy = 2.0
shadow_enabled = true
shadow_opacity = 0.61
omni_range = 25.0

[node name="BlueLightCorner4" type="OmniLight3D" parent="Lights" index="2"]
transform = Transform3D(1, 0, 0, 0, 1, 0, 0, 0, 1, 22.25, 6.875, -20.25)
light_color = Color(0.26, 0.617666, 1, 1)
light_energy = 2.0
shadow_enabled = true
shadow_opacity = 0.61
omni_range = 25.0

[node name="BlueLightMiddleSide1" type="OmniLight3D" parent="Lights" index="3"]
transform = Transform3D(1, 0, 0, 0, 1, 0, 0, 0, 1, 19, 6.875, 1)
light_color = Color(0.258824, 0.619608, 1, 1)
light_energy = 5.0
shadow_enabled = true
shadow_opacity = 0.61
shadow_blur = 2.315
omni_range = 25.0

[node name="BlueLightMiddleSide2" type="OmniLight3D" parent="Lights" index="4"]
transform = Transform3D(1, 0, 0, 0, 1, 0, 0, 0, 1, 19, 3.125, 1)
light_color = Color(0.258824, 0.619608, 1, 1)
light_energy = 5.0
shadow_enabled = true
shadow_opacity = 0.61
shadow_blur = 2.315
omni_range = 25.0

[node name="BlueLightLowerSide1" type="OmniLight3D" parent="Lights" index="5"]
transform = Transform3D(1, 0, 0, 0, 1, 0, 0, 0, 1, 19, 6.875, 32)
light_color = Color(0.258824, 0.619608, 1, 1)
light_energy = 5.0
shadow_enabled = true
shadow_opacity = 0.61
shadow_blur = 2.315
omni_range = 25.0

[node name="BlueLightLowerSide2" type="OmniLight3D" parent="Lights" index="6"]
transform = Transform3D(1, 0, 0, 0, 1, 0, 0, 0, 1, 19, 3.125, 32)
light_color = Color(0.258824, 0.619608, 1, 1)
light_energy = 5.0
shadow_enabled = true
shadow_opacity = 0.61
shadow_blur = 2.315
omni_range = 25.0

[node name="RedLightUpperSide" type="OmniLight3D" parent="Lights" index="7"]
transform = Transform3D(1, 0, 0, 0, 1, 0, 0, 0, 1, -22.5, 7.5, -34.5)
light_color = Color(1, 0.49, 0.49, 1)
light_energy = 3.0
shadow_enabled = true
shadow_opacity = 0.61
shadow_blur = 2.315
omni_range = 25.0

[node name="RedLightCorner1" type="OmniLight3D" parent="Lights" index="8"]
transform = Transform3D(1, 0, 0, 0, 1, 0, 0, 0, 1, -24.75, 6.875, -15.75)
light_color = Color(1, 0.49, 0.49, 1)
light_energy = 3.0
shadow_enabled = true
shadow_opacity = 0.61
omni_range = 25.0

[node name="RedLightCorner2" type="OmniLight3D" parent="Lights" index="9"]
transform = Transform3D(1, 0, 0, 0, 1, 0, 0, 0, 1, -22.25, 6.875, -20.25)
light_color = Color(1, 0.49, 0.49, 1)
light_energy = 3.0
shadow_enabled = true
shadow_opacity = 0.61
omni_range = 25.0

[node name="RedLightMiddleSide1" type="OmniLight3D" parent="Lights" index="10"]
transform = Transform3D(1, 0, 0, 0, 1, 0, 0, 0, 1, -19, 6.875, 1)
light_color = Color(1, 0.49, 0.49, 1)
light_energy = 3.0
shadow_enabled = true
shadow_opacity = 0.61
shadow_blur = 2.315
omni_range = 25.0

[node name="RedLightMiddleSide2" type="OmniLight3D" parent="Lights" index="11"]
transform = Transform3D(1, 0, 0, 0, 1, 0, 0, 0, 1, -19, 3.125, 1)
light_color = Color(1, 0.49, 0.49, 1)
light_energy = 3.0
shadow_enabled = true
shadow_opacity = 0.61
shadow_blur = 2.315
omni_range = 25.0

[node name="RedLightLowerSide1" type="OmniLight3D" parent="Lights" index="12"]
transform = Transform3D(1, 0, 0, 0, 1, 0, 0, 0, 1, -19, 6.875, 32)
light_color = Color(1, 0.49, 0.49, 1)
light_energy = 3.0
shadow_enabled = true
shadow_opacity = 0.61
shadow_blur = 2.315
omni_range = 25.0

[node name="RedLightLowerSide2" type="OmniLight3D" parent="Lights" index="13"]
transform = Transform3D(1, 0, 0, 0, 1, 0, 0, 0, 1, -19, 3.125, 32)
light_color = Color(1, 0.49, 0.49, 1)
light_energy = 3.0
shadow_enabled = true
shadow_opacity = 0.61
shadow_blur = 2.315
omni_range = 25.0

[node name="WhiteLightTemple1" type="OmniLight3D" parent="Lights" index="14"]
transform = Transform3D(1, 0, 0, 0, 1, 0, 0, 0, 1, -4, 6.875, -20)
shadow_enabled = true
shadow_opacity = 0.61
shadow_blur = 2.315
omni_range = 25.0

[node name="WhiteLightTemple2" type="OmniLight3D" parent="Lights" index="15"]
transform = Transform3D(1, 0, 0, 0, 1, 0, 0, 0, 1, -4, 3.125, -20)
shadow_enabled = true
shadow_opacity = 0.61
shadow_blur = 2.315
omni_range = 25.0

[node name="WhiteLightTemple3" type="OmniLight3D" parent="Lights" index="16"]
transform = Transform3D(1, 0, 0, 0, 1, 0, 0, 0, 1, 4, 6.875, -20)
shadow_enabled = true
shadow_opacity = 0.61
shadow_blur = 2.315
omni_range = 25.0

[node name="WhiteLightTemple4" type="OmniLight3D" parent="Lights" index="17"]
transform = Transform3D(1, 0, 0, 0, 1, 0, 0, 0, 1, 4, 3.125, -20)
shadow_enabled = true
shadow_opacity = 0.61
shadow_blur = 2.315
omni_range = 25.0

[node name="WhiteLightCenter1" type="OmniLight3D" parent="Lights" index="18"]
transform = Transform3D(1, 0, 0, 0, 1, 0, 0, 0, 1, 0, 3.125, -4)
shadow_enabled = true
shadow_opacity = 0.61
shadow_blur = 2.315
omni_range = 25.0

[node name="WhiteLightCenter2" type="OmniLight3D" parent="Lights" index="19"]
transform = Transform3D(1, 0, 0, 0, 1, 0, 0, 0, 1, 0, 3.125, 4)
shadow_enabled = true
shadow_opacity = 0.61
shadow_blur = 2.315
omni_range = 25.0

[node name="WhiteLightCorner1" type="OmniLight3D" parent="Lights" index="20"]
transform = Transform3D(1, 0, 0, 0, 1, 0, 0, 0, 1, 8, 2.5, 27)
shadow_enabled = true
shadow_opacity = 0.61
omni_range = 25.0

[node name="WhiteLightCorner2" type="OmniLight3D" parent="Lights" index="21"]
transform = Transform3D(1, 0, 0, 0, 1, 0, 0, 0, 1, 5, 2.5, 18)
shadow_enabled = true
shadow_opacity = 0.61
omni_range = 25.0

[node name="WhiteLightCorner3" type="OmniLight3D" parent="Lights" index="22"]
transform = Transform3D(1, 0, 0, 0, 1, 0, 0, 0, 1, -8.00011, 2.5, 27)
shadow_enabled = true
shadow_opacity = 0.61
omni_range = 25.0

[node name="WhiteLightCorner4" type="OmniLight3D" parent="Lights" index="23"]
transform = Transform3D(1, 0, 0, 0, 1, 0, 0, 0, 1, -5, 2.5, 18)
shadow_enabled = true
shadow_opacity = 0.61
omni_range = 25.0

[node name="WhiteLightEntrance" type="OmniLight3D" parent="Lights" index="24"]
transform = Transform3D(1, 0, 0, 0, 1, 0, 0, 0, 1, 0, 3.125, 34)
light_energy = 2.0
shadow_enabled = true
shadow_opacity = 0.61
shadow_blur = 2.315
omni_range = 25.0

[node name="Details" type="Node3D" parent="." index="1"]

[node name="RubbleA" parent="Details" index="0" instance=ExtResource("3_w0ikm")]
transform = Transform3D(-1.38693, 0.890622, 2.5226, 0, 2.84145, -1.0032, -2.6752, -0.461732, -1.30781, 25.3393, -0.559517, -5.24215)

[node name="RubbleA5" parent="Details" index="1" instance=ExtResource("3_w0ikm")]
transform = Transform3D(-1.15547, 0.0565367, -1.23376, 0.0412981, 1.69034, 0.0387819, 1.23436, -0.00363054, -1.1562, 13.4043, -0.160514, -9.1053)

[node name="RubbleA2" parent="Details" index="2" instance=ExtResource("3_w0ikm")]
transform = Transform3D(2.25671, 0.309475, 2.79226, 0.240238, 3.54718, -0.587306, -2.79907, 0.553957, 2.20081, 24.0666, -0.638003, 6.74696)

[node name="RubbleA3" parent="Details" index="3" instance=ExtResource("3_w0ikm")]
transform = Transform3D(2.25671, 0.309475, 2.79226, 0.240238, 3.54718, -0.587306, -2.79907, 0.553957, 2.20081, 13.3794, -0.638003, 6.74696)

[node name="RubbleA4" parent="Details" index="4" instance=ExtResource("3_w0ikm")]
transform = Transform3D(3.09985, 0.0938836, 1.83503, 0.240238, 3.54718, -0.587306, -1.82166, 0.627557, 3.04515, 28.4705, 4.29366, 12.0086)

[node name="Doorways" type="Node3D" parent="." index="2"]
transform = Transform3D(1, -5.3551e-09, -1.76951e-08, -6.98492e-10, 1, 2.98023e-08, -8.84756e-09, 0, 1, 1.67638e-07, 0, 0)

[node name="StoneDoorway" parent="Doorways" index="0" instance=ExtResource("4_oftx4")]
transform = Transform3D(-4.37114e-08, 0, -1, 0, 1, 0, 1, 0, -4.37114e-08, 12.5, 0, -0.5)

[node name="StoneDoorway4" parent="Doorways" index="1" instance=ExtResource("4_oftx4")]
transform = Transform3D(-4.37114e-08, 0, -1, 0, 1, 0, 1, 0, -4.37114e-08, -12.5, 0, -0.5)

[node name="StoneDoorway2" parent="Doorways" index="2" instance=ExtResource("4_oftx4")]
transform = Transform3D(-4.37114e-08, 0, -1, 0, 1, 0, 1, 0, -4.37114e-08, 5.5, 0, 5.5)

[node name="StoneDoorway7" parent="Doorways" index="3" instance=ExtResource("4_oftx4")]
transform = Transform3D(-4.37114e-08, 0, -1, 0, 1, 0, 1, 0, -4.37114e-08, 12.5, 0, 34)

[node name="StoneDoorway9" parent="Doorways" index="4" instance=ExtResource("4_oftx4")]
transform = Transform3D(1, 0, 0, 0, 1, 0, 0, 0, 1, 21, 5, 17.5)

[node name="StoneDoorway11" parent="Doorways" index="5" instance=ExtResource("4_oftx4")]
transform = Transform3D(1, 0, 0, -1.38781e-17, 1, 0, 0, 0, 1, 15.5, 5, 12.5)

[node name="StoneDoorway12" parent="Doorways" index="6" instance=ExtResource("4_oftx4")]
transform = Transform3D(1, 0, 0, 0, 1, 0, 0, 0, 1, -15, 5, 12.5)

[node name="StoneDoorway10" parent="Doorways" index="7" instance=ExtResource("4_oftx4")]
transform = Transform3D(1, 0, 0, 0, 1, 0, 0, 0, 1, -21, 5, 17.5)

[node name="StoneDoorway8" parent="Doorways" index="8" instance=ExtResource("4_oftx4")]
transform = Transform3D(-4.37114e-08, 0, -1, 0, 1, 0, 1, 0, -4.37114e-08, -12.5, 0, 34)

[node name="StoneDoorway5" parent="Doorways" index="9" instance=ExtResource("4_oftx4")]
transform = Transform3D(-4.37114e-08, 0, -1, 0, 1, 0, 1, 0, -4.37114e-08, 12.5, 5, -36.5)

[node name="StoneDoorway6" parent="Doorways" index="10" instance=ExtResource("4_oftx4")]
transform = Transform3D(-4.37114e-08, 0, -1, 0, 1, 0, 1, 0, -4.37114e-08, -12.5, 5, -36.5)

[node name="StoneDoorway3" parent="Doorways" index="11" instance=ExtResource("4_oftx4")]
transform = Transform3D(-4.37114e-08, 0, -1, 0, 1, 0, 1, 0, -4.37114e-08, -5.5, 0, 5.5)

[node name="BlueArches" type="Node3D" parent="." index="3"]

[node name="SupportArch2" parent="BlueArches" index="0" instance=ExtResource("4_ni7mr")]
transform = Transform3D(1, 0, 0, 0, 1, 0, 0, 0, 1, 21.75, 10.375, 12.375)

[node name="SupportArch4" parent="BlueArches" index="1" instance=ExtResource("4_ni7mr")]
transform = Transform3D(-1, 0, 8.74228e-08, 0, 1, 0, -8.74228e-08, 0, -1, 21.75, 10.375, -10.375)

[node name="SupportArch3" parent="BlueArches" index="2" instance=ExtResource("4_ni7mr")]
transform = Transform3D(-4.37114e-08, 0, 1, 0, 1, 0, -1, 0, -4.37114e-08, 29.375, 10.375, 1.25)

[node name="SupportArch5" parent="BlueArches" index="3" instance=ExtResource("4_ni7mr")]
transform = Transform3D(-4.37114e-08, 0, -1, 0, 1, 0, 1, 0, -4.37114e-08, 12.625, 10.375, 1.25)

[node name="ColumnArches" type="Node3D" parent="BlueArches" index="4"]
transform = Transform3D(1, 0, 0, 0, 1, 0, 0, 0, 1, 19, 0, 1)

[node name="SupportArch8" parent="BlueArches/ColumnArches" index="0" instance=ExtResource("4_ni7mr")]
transform = Transform3D(-0.5, 0, 4.37114e-08, 0, 0.5, 0, -4.37114e-08, 0, -0.5, -0.674999, 10.125, 1.125)

[node name="SupportArch9" parent="BlueArches/ColumnArches" index="1" instance=ExtResource("4_ni7mr")]
transform = Transform3D(-0.5, 0, 4.37114e-08, 0, 0.5, 0, -4.37114e-08, 0, -0.5, 0.700001, 10.125, 1.125)

[node name="SupportArch6" parent="BlueArches/ColumnArches" index="2" instance=ExtResource("4_ni7mr")]
transform = Transform3D(-2.18557e-08, 0, -0.5, 0, 0.5, 0, 0.5, 0, -2.18557e-08, 1.125, 10.125, 0.675)

[node name="SupportArch7" parent="BlueArches/ColumnArches" index="3" instance=ExtResource("4_ni7mr")]
transform = Transform3D(-2.18557e-08, 0, -0.5, 0, 0.5, 0, 0.5, 0, -2.18557e-08, 1.125, 10.125, -0.7)

[node name="SupportArch10" parent="BlueArches/ColumnArches" index="4" instance=ExtResource("4_ni7mr")]
transform = Transform3D(0.5, 0, 0, 0, 0.5, 0, 0, 0, 0.5, 0.674999, 10.125, -1.125)

[node name="SupportArch11" parent="BlueArches/ColumnArches" index="5" instance=ExtResource("4_ni7mr")]
transform = Transform3D(0.5, 0, 0, 0, 0.5, 0, 0, 0, 0.5, -0.700001, 10.125, -1.125)

[node name="SupportArch12" parent="BlueArches/ColumnArches" index="6" instance=ExtResource("4_ni7mr")]
transform = Transform3D(-2.18557e-08, 0, 0.5, 0, 0.5, 0, -0.5, 0, -2.18557e-08, -1.125, 10.125, -0.675)

[node name="SupportArch13" parent="BlueArches/ColumnArches" index="7" instance=ExtResource("4_ni7mr")]
transform = Transform3D(-2.18557e-08, 0, 0.5, 0, 0.5, 0, -0.5, 0, -2.18557e-08, -1.125, 10.125, 0.7)

[node name="BlueSupports" type="Node3D" parent="." index="4"]

[node name="6MLog" parent="BlueSupports" index="0" instance=ExtResource("7_fv1se")]
transform = Transform3D(0.998495, 0.0548457, 0, -0.0548457, 0.998495, 0, 0, 0, 1, 24.9509, -0.862024, -5.57267)

[node name="6MLog5" parent="BlueSupports" index="1" instance=ExtResource("7_fv1se")]
transform = Transform3D(0.998495, 0.0548457, 0, -0.0548457, 0.998495, 0, 0, 0, 1, 24.9509, -0.858648, -1.02014)

[node name="6MLog6" parent="BlueSupports" index="2" instance=ExtResource("7_fv1se")]
transform = Transform3D(0.110556, 0.0548457, -0.992355, -0.00607268, 0.998495, 0.0545085, 0.993851, 4.03274e-10, 0.110723, 24.9509, -0.879595, 3.1713)

[node name="6MLog7" parent="BlueSupports" index="3" instance=ExtResource("7_fv1se")]
transform = Transform3D(-0.166946, 0.0527321, -0.984555, -0.00607268, 0.998495, 0.0545085, 0.985947, 0.0150789, -0.166375, 24.9197, -0.859696, 7.53641)

[node name="6MLog8" parent="BlueSupports" index="4" instance=ExtResource("7_fv1se")]
transform = Transform3D(0.995516, 0.000891144, 0.0945844, 0.00103347, 0.999794, -0.0202972, -0.094583, 0.020304, 0.99531, 24.5161, -0.859696, 8.05879)

[node name="6MLog27" parent="BlueSupports" index="5" instance=ExtResource("7_fv1se")]
transform = Transform3D(0.166946, -0.0527321, 0.984555, -0.00607268, 0.998495, 0.0545085, -0.985947, -0.0150789, 0.166375, 13.157, -0.0698724, -9.53067)

[node name="6MLog28" parent="BlueSupports" index="6" instance=ExtResource("7_fv1se")]
transform = Transform3D(-0.995516, -0.000891142, -0.0945843, 0.00103347, 0.999794, -0.0202972, 0.0945829, -0.020304, -0.99531, 13.5918, -0.0698724, -10.0531)

[node name="6MLog29" parent="BlueSupports" index="7" instance=ExtResource("7_fv1se")]
transform = Transform3D(0.167046, 0.0524476, 0.984553, 0.0052283, 0.998523, -0.0540788, -0.985935, 0.0141812, 0.166525, 12.8621, 5.61517, -9.58514)

[node name="6MLog30" parent="BlueSupports" index="8" instance=ExtResource("7_fv1se")]
transform = Transform3D(-0.995563, 0.000233269, -0.0940876, -0.00174494, 0.99978, 0.0209424, 0.0940717, 0.0210137, -0.995344, 13.5817, 5.44032, -10.1793)

[node name="6MLog13" parent="BlueSupports" index="9" instance=ExtResource("7_fv1se")]
transform = Transform3D(-0.166946, 0.0527321, -0.984555, -0.00607268, 0.998495, 0.0545085, 0.985947, 0.0150789, -0.166375, 28.9936, 4.3434, 11.6826)

[node name="6MLog14" parent="BlueSupports" index="10" instance=ExtResource("7_fv1se")]
transform = Transform3D(0.995516, 0.000891144, 0.0945844, 0.00103347, 0.999794, -0.0202972, -0.094583, 0.020304, 0.99531, 28.5588, 4.3434, 12.205)

[node name="6MLog11" parent="BlueSupports" index="11" instance=ExtResource("7_fv1se")]
transform = Transform3D(0.999115, 0.0368668, 0.0202415, 0.0364399, -0.999114, 0.0210705, 0.0210004, -0.0203143, -0.999573, 18.8803, 5.10863, 8.24323)

[node name="6MLog12" parent="BlueSupports" index="12" instance=ExtResource("7_fv1se")]
transform = Transform3D(0.995516, 0.000437452, 0.0945936, 0.00148522, 0.999794, -0.0202542, -0.094583, 0.020304, 0.99531, 13.295, -0.5, 8.123)

[node name="6MLog2" parent="BlueSupports" index="13" instance=ExtResource("7_fv1se")]
transform = Transform3D(0.998495, 0, -0.0548457, -0.0548457, -4.35393e-08, -0.998495, 0, 1, -4.37114e-08, 25.2943, 4.70984, -6.62337)

[node name="6MLog9" parent="BlueSupports" index="14" instance=ExtResource("7_fv1se")]
transform = Transform3D(0.998495, 0, -0.0548457, -0.0548457, -4.35393e-08, -0.998495, 0, 1, -4.37114e-08, 25.2943, 4.69431, 2.78431)

[node name="6MLog4" parent="BlueSupports" index="15" instance=ExtResource("7_fv1se")]
transform = Transform3D(-4.38499e-08, -1, 4.23891e-08, -0.0548457, -4.35393e-08, -0.998495, 0.998495, -4.37114e-08, -0.0548457, 24.9549, 4.70984, 8.29392)

[node name="6MLog10" parent="BlueSupports" index="16" instance=ExtResource("7_fv1se")]
transform = Transform3D(-4.38499e-08, -1, 4.23891e-08, -0.0548457, -4.35393e-08, -0.998495, 0.998495, -4.37114e-08, -0.0548457, 18.9224, 4.70984, 8.29392)

[node name="6MLog31" parent="BlueSupports" index="17" instance=ExtResource("7_fv1se")]
transform = Transform3D(-4.38499e-08, -1, 4.23891e-08, -0.0548457, -4.35393e-08, -0.998495, 0.998495, -4.37114e-08, -0.0548457, 18.2261, 9.95984, 12.0439)

[node name="6MLog38" parent="BlueSupports" index="18" instance=ExtResource("7_fv1se")]
transform = Transform3D(-0.998495, 8.74228e-08, 0.0548457, -0.0548457, -4.35393e-08, -0.998495, -8.74955e-08, -1, 4.47865e-08, 12.9761, 9.95984, 12.0439)

[node name="6MLog46" parent="BlueSupports" index="19" instance=ExtResource("7_fv1se")]
transform = Transform3D(-0.998495, 8.74228e-08, 0.0548457, -8.50981e-08, -1, 8.84321e-08, 0.0548457, 8.72507e-08, 0.998495, 12.7261, 10.3348, 11.6972)

[node name="6MLog47" parent="BlueSupports" index="20" instance=ExtResource("7_fv1se")]
transform = Transform3D(-0.998495, 8.74228e-08, 0.0548457, -8.50981e-08, -1, 8.84321e-08, 0.0548457, 8.72507e-08, 0.998495, 13.4327, 10.3348, 12.348)

[node name="6MLog71" parent="BlueSupports" index="21" instance=ExtResource("7_fv1se")]
transform = Transform3D(-0.0548457, -8.72507e-08, -0.998495, -8.50981e-08, -1, 8.84321e-08, -0.998495, 8.74228e-08, 0.0548457, 13.4048, 10.3348, 12.6693)

[node name="6MLog72" parent="BlueSupports" index="22" instance=ExtResource("7_fv1se")]
transform = Transform3D(-0.0548457, -8.72507e-08, -0.998495, -8.50981e-08, -1, 8.84321e-08, -0.998495, 8.74228e-08, 0.0548457, 12.754, 10.3348, 13.3759)

[node name="6MLog39" parent="BlueSupports" index="23" instance=ExtResource("7_fv1se")]
transform = Transform3D(-0.0548457, -7.45058e-08, -0.998495, 0.998495, -9.31323e-08, -0.0548457, -8.19564e-08, -1, 4.47035e-08, 12.9761, 9.95984, 6.16892)

[node name="6MLog40" parent="BlueSupports" index="24" instance=ExtResource("7_fv1se")]
transform = Transform3D(0.0548456, 7.45058e-08, 0.998495, -0.998495, 9.31323e-08, 0.0548456, -8.19564e-08, -1, 4.47035e-08, 12.9761, 9.95984, 0.29392)

[node name="6MLog41" parent="BlueSupports" index="25" instance=ExtResource("7_fv1se")]
transform = Transform3D(-0.998495, 9.31322e-08, 0.0548455, -0.0548455, -7.45058e-08, -0.998495, -8.19564e-08, -1, 4.47035e-08, 12.9761, 9.95984, -5.58108)

[node name="6MLog42" parent="BlueSupports" index="26" instance=ExtResource("7_fv1se")]
transform = Transform3D(8.9407e-08, 1, -4.37722e-08, -0.0548455, -7.45058e-08, -0.998495, -0.998495, 8.9407e-08, 0.0548455, 13.4761, 9.95984, -10.0811)

[node name="6MLog43" parent="BlueSupports" index="27" instance=ExtResource("7_fv1se")]
transform = Transform3D(8.9407e-08, 1, -4.37722e-08, 0.998495, -8.9407e-08, -0.0548456, -0.0548456, -7.45058e-08, -0.998495, 19.3511, 9.95984, -10.0811)

[node name="6MLog44" parent="BlueSupports" index="28" instance=ExtResource("7_fv1se")]
transform = Transform3D(8.9407e-08, 1, -4.37722e-08, -0.0548456, -7.45058e-08, -0.998495, -0.998495, 8.9407e-08, 0.0548456, 25.2261, 9.95984, -10.0811)

[node name="6MLog32" parent="BlueSupports" index="29" instance=ExtResource("7_fv1se")]
transform = Transform3D(-4.38499e-08, -1, 4.23891e-08, -0.0548457, -4.35393e-08, -0.998495, 0.998495, -4.37114e-08, -0.0548457, 24.1011, 9.95984, 12.0439)

[node name="6MLog33" parent="BlueSupports" index="30" instance=ExtResource("7_fv1se")]
transform = Transform3D(1.19209e-07, 1, -5.40167e-08, -0.0548457, -4.16766e-08, -0.998495, -0.998495, 1.49012e-07, 0.0548457, 23.9761, 9.95984, 12.0439)

[node name="6MLog34" parent="BlueSupports" index="31" instance=ExtResource("7_fv1se")]
transform = Transform3D(-0.998495, 1.053e-07, 0.0548457, -0.0548457, -4.16766e-08, -0.998495, -7.55637e-08, -1, 5.16193e-08, 29.1011, 9.95984, 11.9189)

[node name="6MLog35" parent="BlueSupports" index="32" instance=ExtResource("7_fv1se")]
transform = Transform3D(-0.0548457, -4.16766e-08, -0.998495, 0.998495, -1.053e-07, -0.0548457, -7.55637e-08, -1, 5.16193e-08, 29.1011, 9.95984, 6.04392)

[node name="6MLog36" parent="BlueSupports" index="33" instance=ExtResource("7_fv1se")]
transform = Transform3D(-0.998495, 1.053e-07, 0.0548457, -0.0548457, -4.16766e-08, -0.998495, -7.55637e-08, -1, 5.16193e-08, 29.1011, 9.95984, 0.16892)

[node name="6MLog37" parent="BlueSupports" index="34" instance=ExtResource("7_fv1se")]
transform = Transform3D(0.0548458, 4.16766e-08, 0.998495, -0.998495, 1.053e-07, 0.0548458, -7.55637e-08, -1, 5.16193e-08, 29.1011, 9.95984, -5.70608)

[node name="6MLog50" parent="BlueSupports" index="35" instance=ExtResource("7_fv1se")]
transform = Transform3D(0.0548458, 4.16766e-08, 0.998495, -0.998495, 1.053e-07, 0.0548458, -7.55637e-08, -1, 5.16193e-08, 29.125, 9.125, -10.5)

[node name="6MLog52" parent="BlueSupports" index="36" instance=ExtResource("7_fv1se")]
transform = Transform3D(0.0548458, 4.16766e-08, 0.998495, -0.998495, 1.053e-07, 0.0548458, -7.55637e-08, -1, 5.16193e-08, 17.875, 9.125, -16.125)

[node name="6MLog51" parent="BlueSupports" index="37" instance=ExtResource("7_fv1se")]
transform = Transform3D(0.0548458, 4.16766e-08, 0.998495, -0.998495, 1.053e-07, 0.0548458, -7.55637e-08, -1, 5.16193e-08, 24.875, 9.125, -10.25)

[node name="6MLog61" parent="BlueSupports" index="38" instance=ExtResource("7_fv1se")]
transform = Transform3D(0.0548458, 4.16766e-08, 0.998495, -0.998495, 1.053e-07, 0.0548458, -7.55637e-08, -1, 5.16193e-08, 22.125, 9.125, -20.125)

[node name="6MLog45" parent="BlueSupports" index="39" instance=ExtResource("7_fv1se")]
transform = Transform3D(0.0548133, 0.0344111, 0.997904, 0.00188726, -0.999408, 0.0343594, 0.998495, -8.9407e-08, -0.0548458, 29.1011, 9.95984, -9.58108)

[node name="6MLog49" parent="BlueSupports" index="40" instance=ExtResource("7_fv1se")]
transform = Transform3D(0.0548133, 0.0344111, 0.997904, 0.00188726, -0.999408, 0.0343594, 0.998495, -8.9407e-08, -0.0548458, 29.0228, 9.95714, -10.3268)

[node name="6MLog53" parent="BlueSupports" index="41" instance=ExtResource("7_fv1se")]
transform = Transform3D(4.67624e-08, 0.0348994, 0.999391, 8.73695e-08, 0.999391, -0.0348995, -1, 8.89483e-08, 4.36848e-08, 16.7113, 4.91376, -26.415)

[node name="6MLog60" parent="BlueSupports" index="42" instance=ExtResource("7_fv1se")]
transform = Transform3D(-0.00121802, 0.0348782, 0.999391, -0.0348782, 0.998782, -0.0348995, -0.999391, -0.0348995, -4.36848e-08, 16.8055, 4.91376, -29.79)

[node name="6MLog54" parent="BlueSupports" index="43" instance=ExtResource("7_fv1se")]
transform = Transform3D(-1, 8.74228e-08, 0, 8.73695e-08, 0.999391, -0.0348995, -3.05101e-09, -0.0348994, -0.999391, 17.3055, 4.91376, -25.79)

[node name="6MLog62" parent="BlueSupports" index="44" instance=ExtResource("7_fv1se")]
transform = Transform3D(4.67624e-08, 0.0348994, 0.999391, 8.73695e-08, 0.999391, -0.0348995, -1, 8.89483e-08, 4.36848e-08, 12.75, 4.914, -30.415)

[node name="6MLog63" parent="BlueSupports" index="45" instance=ExtResource("7_fv1se")]
transform = Transform3D(-1, 8.74228e-08, 0, 8.73695e-08, 0.999391, -0.0348995, -3.05101e-09, -0.0348994, -0.999391, 13.4305, 4.91376, -29.79)

[node name="6MLog65" parent="BlueSupports" index="46" instance=ExtResource("7_fv1se")]
transform = Transform3D(1, -9.04738e-08, -8.73696e-08, 8.73695e-08, 0.999391, -0.0348995, 9.04738e-08, 0.0348994, 0.999391, 13.4028, 4.914, -39.1927)

[node name="6MLog66" parent="BlueSupports" index="47" instance=ExtResource("7_fv1se")]
transform = Transform3D(4.67624e-08, 0.0348994, 0.999391, 8.73695e-08, 0.999391, -0.0348995, -1, 8.89483e-08, 4.36848e-08, 12.7778, 4.91376, -38.5123)

[node name="6MLog68" parent="BlueSupports" index="48" instance=ExtResource("7_fv1se")]
transform = Transform3D(-1.34185e-07, -0.0348994, -0.999391, 8.73695e-08, 0.999391, -0.0348995, 1, -9.19993e-08, -1.31054e-07, 27.1805, 4.914, -38.54)

[node name="6MLog69" parent="BlueSupports" index="49" instance=ExtResource("7_fv1se")]
transform = Transform3D(1, -9.04738e-08, -8.73695e-08, 8.73695e-08, 0.999391, -0.0348995, 9.04738e-08, 0.0348994, 0.999391, 26.5, 4.91376, -39.165)

[node name="6MLog57" parent="BlueSupports" index="50" instance=ExtResource("7_fv1se")]
transform = Transform3D(-1, 8.74228e-08, 0, 8.73695e-08, 0.999391, -0.0348995, -3.05101e-09, -0.0348994, -0.999391, 26.5555, 4.91376, -25.79)

[node name="6MLog58" parent="BlueSupports" index="51" instance=ExtResource("7_fv1se")]
transform = Transform3D(4.06604e-08, -0.0348994, -0.999391, 8.73695e-08, 0.999391, -0.0348995, 1, -8.58973e-08, 4.36848e-08, 27.1805, 4.91376, -26.415)

[node name="6MLog55" parent="BlueSupports" index="52" instance=ExtResource("7_fv1se")]
transform = Transform3D(-1, 0, 8.74228e-08, 0, 1, 0, -8.74228e-08, 0, -1, 17.75, 4.64044, -25.75)

[node name="6MLog56" parent="BlueSupports" index="53" instance=ExtResource("7_fv1se")]
transform = Transform3D(-1, 0, 8.74228e-08, 0, 1, 0, -8.74228e-08, 0, -1, 22.25, 4.64044, -25.75)

[node name="6MLog59" parent="BlueSupports" index="54" instance=ExtResource("7_fv1se")]
transform = Transform3D(4.37114e-08, -1, -3.82137e-15, -1, -4.37114e-08, 8.74228e-08, -8.74228e-08, 0, -1, 23.125, 10, -26)

[node name="6MLog48" parent="BlueSupports" index="55" instance=ExtResource("7_fv1se")]
transform = Transform3D(0.999376, 0.0353181, 0, -0.0353181, 0.999376, 0, 0, 0, 1, 24.75, 4.5, -10.25)

[node name="6MLog3" parent="BlueSupports" index="56" instance=ExtResource("7_fv1se")]
transform = Transform3D(0.528691, 0.848695, -0.0142526, -0.848386, 0.528883, 0.0228871, 0.0269621, -8.47134e-06, 0.999636, 16.8171, -0.465337, -6.29547)

[node name="4MLog2" parent="BlueSupports" index="57" instance=ExtResource("8_7phul")]
transform = Transform3D(0.528424, 0.848861, -0.0142526, -0.848552, 0.528616, 0.0228871, 0.0269621, -9.31323e-10, 0.999636, 21.8623, 2.67619, -6.29546)

[node name="4MLog3" parent="BlueSupports" index="58" instance=ExtResource("8_7phul")]
transform = Transform3D(-4.37114e-08, 1, 0, -1, -4.37114e-08, 0, 0, 0, 1, 24.9889, 9.29268, -10.3426)

[node name="4MLog1" parent="BlueSupports" index="59" instance=ExtResource("8_7phul")]
transform = Transform3D(0.994739, 0, -0.102445, 0, 1, 0, 0.102445, 0, 0.994739, 22.1243, -1.18577, -6.32306)

[node name="1MLog1" parent="BlueSupports" index="60" instance=ExtResource("9_nlpdx")]
transform = Transform3D(0.994739, 0, -0.102445, 0, 1, 0, 0.102445, 0, 0.994739, 17.2907, -0.45559, -6.26188)

[node name="4MLog" parent="BlueSupports" index="61" instance=ExtResource("8_7phul")]
transform = Transform3D(1, 0, 0, 0, -4.37114e-08, -1, 0, 1, -4.37114e-08, 25.3054, 4.65845, -0.899961)

[node name="2MLog" parent="BlueSupports" index="62" instance=ExtResource("7_rpeem")]
transform = Transform3D(1, 0, 0, 0, 1, 0, 0, 0, 1, 24.7137, 4.80502, -15.7372)

[node name="2MLog2" parent="BlueSupports" index="63" instance=ExtResource("7_rpeem")]
transform = Transform3D(1, 0, 0, 0, 1, 0, 0, 0, 1, 24.7137, 7.21829, -15.7372)

[node name="2MLog3" parent="BlueSupports" index="64" instance=ExtResource("7_rpeem")]
transform = Transform3D(1, 0, 0, 0, 1, 0, 0, 0, 1, 22.2824, 4.80502, -20.2986)

[node name="2MLog4" parent="BlueSupports" index="65" instance=ExtResource("7_rpeem")]
transform = Transform3D(1, 0, 0, 0, 1, 0, 0, 0, 1, 22.2824, 7.21829, -20.2986)

[node name="4MLog4" parent="BlueSupports" index="66" instance=ExtResource("8_7phul")]
transform = Transform3D(1, 0, 0, 0, 1, 0, 0, 0, 1, 29.2335, 4.87779, -19.625)

[node name="4MLog5" parent="BlueSupports" index="67" instance=ExtResource("8_7phul")]
transform = Transform3D(1, 0, 0, 0, -4.37114e-08, 1, 0, -1, -4.37114e-08, 29.125, 9.125, -16.375)

[node name="4MLog12" parent="BlueSupports" index="68" instance=ExtResource("8_7phul")]
transform = Transform3D(1, 0, 0, 0, -4.37114e-08, 1, 0, -1, -4.37114e-08, 17.875, 9.125, -22)

[node name="4MLog6" parent="BlueSupports" index="69" instance=ExtResource("8_7phul")]
transform = Transform3D(-4.37114e-08, -1, -4.37114e-08, 0, -4.37114e-08, 1, -1, 4.37114e-08, 1.91069e-15, 25.125, 9.125, -15.875)

[node name="4MLog7" parent="BlueSupports" index="70" instance=ExtResource("8_7phul")]
transform = Transform3D(-4.37114e-08, -1, -4.37114e-08, 0, -4.37114e-08, 1, -1, 4.37114e-08, 1.91069e-15, 21.375, 9.125, -15.875)

[node name="4MLog13" parent="BlueSupports" index="71" instance=ExtResource("8_7phul")]
transform = Transform3D(-4.37114e-08, -1, -4.37114e-08, 0, -4.37114e-08, 1, -1, 4.37114e-08, 1.91069e-15, 22, 9.25, -25.75)

[node name="4MLog15" parent="BlueSupports" index="72" instance=ExtResource("8_7phul")]
transform = Transform3D(1, -1.06581e-14, -4.02341e-21, 0, -4.37114e-08, 1, -1.06581e-14, -1, -4.37114e-08, 17, 10, -25.75)

[node name="4MLog16" parent="BlueSupports" index="73" instance=ExtResource("8_7phul")]
transform = Transform3D(-5.96046e-08, -1, -4.37114e-08, 0, -4.37114e-08, 1, -1, 5.96046e-08, 5.32907e-15, 16.875, 10, -30)

[node name="4MLog14" parent="BlueSupports" index="74" instance=ExtResource("8_7phul")]
transform = Transform3D(-4.37114e-08, -1, -4.37114e-08, 0, -4.37114e-08, 1, -1, 4.37114e-08, 1.91069e-15, 26.875, 10, -26)

[node name="6MLog64" parent="BlueSupports" index="75" instance=ExtResource("7_fv1se")]
transform = Transform3D(8.74228e-08, -2.98023e-08, 1, -1, -4.37114e-08, 8.74228e-08, 4.37114e-08, -1, -2.98023e-08, 13, 10, -34.125)

[node name="4MLog18" parent="BlueSupports" index="76" instance=ExtResource("8_7phul")]
transform = Transform3D(1, -5.96046e-08, -2.66454e-15, 0, -4.37114e-08, 1, -5.96046e-08, -1, -4.37114e-08, 13, 10, -30.375)

[node name="6MLog67" parent="BlueSupports" index="77" instance=ExtResource("7_fv1se")]
transform = Transform3D(4.37114e-08, -1, -7.35137e-08, -1, -4.37114e-08, 8.74228e-08, -8.74228e-08, 7.35137e-08, -1, 19.25, 10, -39)

[node name="4MLog19" parent="BlueSupports" index="78" instance=ExtResource("8_7phul")]
transform = Transform3D(-1.03316e-07, -1, -4.37114e-08, 0, -4.37114e-08, 1, -1, 1.03316e-07, 4.57522e-15, 23, 10, -39)

[node name="4MLog20" parent="BlueSupports" index="79" instance=ExtResource("8_7phul")]
transform = Transform3D(-1.03316e-07, -1, -4.37114e-08, 0, -4.37114e-08, 1, -1, 1.03316e-07, 4.57522e-15, 26.875, 10, -39)

[node name="6MLog70" parent="BlueSupports" index="80" instance=ExtResource("7_fv1se")]
transform = Transform3D(8.74228e-08, -2.98023e-08, 1, -1, -4.37114e-08, 8.74228e-08, 4.37114e-08, -1, -2.98023e-08, 27.125, 10, -34)

[node name="4MLog21" parent="BlueSupports" index="81" instance=ExtResource("8_7phul")]
transform = Transform3D(1, -5.96046e-08, -2.66454e-15, 0, -4.37114e-08, 1, -5.96046e-08, -1, -4.37114e-08, 27.125, 10, -30.125)

[node name="4MLog22" parent="BlueSupports" index="82" instance=ExtResource("8_7phul")]
transform = Transform3D(1, -5.96046e-08, -2.66454e-15, 0, -4.37114e-08, 1, -5.96046e-08, -1, -4.37114e-08, 27.125, 10, -26.25)

[node name="4MLog10" parent="BlueSupports" index="83" instance=ExtResource("8_7phul")]
transform = Transform3D(-4.37114e-08, -1, -4.37114e-08, 0, -4.37114e-08, 1, -1, 4.37114e-08, 1.91069e-15, 29.5, 9.125, -20.125)

[node name="4MLog11" parent="BlueSupports" index="84" instance=ExtResource("8_7phul")]
transform = Transform3D(-4.37114e-08, -1, -4.37114e-08, 0, -4.37114e-08, 1, -1, 4.37114e-08, 1.91069e-15, 25.75, 9.125, -20.125)

[node name="4MLog8" parent="BlueSupports" index="85" instance=ExtResource("8_7phul")]
transform = Transform3D(1, 0, 0, 0, 1, 0, 0, 0, 1, 28.6085, 4.87779, -20.25)

[node name="4MLog9" parent="BlueSupports" index="86" instance=ExtResource("8_7phul")]
transform = Transform3D(-1, 0, -8.74228e-08, 0, 1, 0, 8.74228e-08, 0, -1, 18.3585, 4.9, -15.75)

[node name="4MLog17" parent="BlueSupports" index="87" instance=ExtResource("8_7phul")]
transform = Transform3D(-1, 0, -8.74228e-08, 0, 1, 0, 8.74228e-08, 0, -1, 17.7335, 4.9, -16.375)

[node name="BlueFloorTrim" type="Node3D" parent="." index="5"]

[node name="FloorTrimA" parent="BlueFloorTrim" index="0" instance=ExtResource("9_atiog")]
transform = Transform3D(-4.37114e-08, 0, -1, 0, 1, 0, 1, 0, -4.37114e-08, 13, 0, -3.5)

[node name="FloorTrimB" parent="BlueFloorTrim" index="1" instance=ExtResource("10_tc77q")]
transform = Transform3D(-4.37114e-08, 0, -1, 0, 1, 0, 1, 0, -4.37114e-08, 13, 0, -5.5)

[node name="FloorTrimA2" parent="BlueFloorTrim" index="2" instance=ExtResource("9_atiog")]
transform = Transform3D(-4.37114e-08, 0, -1, 0, 1, 0, 1, 0, -4.37114e-08, 13, 0, 4.5)

[node name="FloorTrimB3" parent="BlueFloorTrim" index="3" instance=ExtResource("10_tc77q")]
transform = Transform3D(-4.37114e-08, 0, -1, 0, 1, 0, 1, 0, -4.37114e-08, 13, 0, 2.5)

[node name="FloorTrimB4" parent="BlueFloorTrim" index="4" instance=ExtResource("10_tc77q")]
transform = Transform3D(-4.37114e-08, 0, -1, 0, 1, 0, 1, 0, -4.37114e-08, 13, 0, 6.5)

[node name="FloorTrimB2" parent="BlueFloorTrim" index="5" instance=ExtResource("10_tc77q")]
transform = Transform3D(-4.37114e-08, 0, -1, 0, 1, 0, 1, 0, -4.37114e-08, 13, 0, -9.5)

[node name="FloorTrimC" parent="BlueFloorTrim" index="6" instance=ExtResource("11_ryetl")]
transform = Transform3D(-4.37114e-08, 0, -1, 0, 1, 0, 1, 0, -4.37114e-08, 13, 0, -7.5)

[node name="FloorTrimA6" parent="BlueFloorTrim" index="7" instance=ExtResource("9_atiog")]
transform = Transform3D(-1, 0, 8.74228e-08, 0, 1, 0, -8.74228e-08, 0, -1, 14.8481, 0, -10)

[node name="FloorTrimB7" parent="BlueFloorTrim" index="8" instance=ExtResource("10_tc77q")]
transform = Transform3D(-1, 0, 8.74228e-08, 0, 1, 0, -8.74228e-08, 0, -1, 16.8481, 0, -10)

[node name="FloorTrimB8" parent="BlueFloorTrim" index="9" instance=ExtResource("10_tc77q")]
transform = Transform3D(-0.850398, -0.52614, -8.73822e-08, -0.52614, 0.850398, -2.66213e-09, 7.57103e-08, 4.37114e-08, -1, 18.004, 0.627, -10.005)

[node name="FloorTrimA5" parent="BlueFloorTrim" index="10" instance=ExtResource("9_atiog")]
transform = Transform3D(-0.850398, -0.52614, -8.73822e-08, -0.52614, 0.850398, -2.66213e-09, 7.57103e-08, 4.37114e-08, -1, 21.4056, 2.73156, -10.005)

[node name="FloorTrimA7" parent="BlueFloorTrim" index="11" instance=ExtResource("9_atiog")]
transform = Transform3D(-0.850398, -0.52614, -8.73822e-08, -0.52614, 0.850398, -2.66213e-09, 7.57103e-08, 4.37114e-08, -1, 24.276, 4.507, -10)

[node name="FloorTrimB9" parent="BlueFloorTrim" index="12" instance=ExtResource("10_tc77q")]
transform = Transform3D(-0.850398, -0.52614, -8.73822e-08, -0.52614, 0.850398, -2.66213e-09, 7.57103e-08, 4.37114e-08, -1, 19.7048, 1.67928, -10.005)

[node name="FloorTrimB20" parent="BlueFloorTrim" index="13" instance=ExtResource("10_tc77q")]
transform = Transform3D(-0.850398, -0.52614, -8.73822e-08, -0.52614, 0.850398, -2.66213e-09, 7.57103e-08, 4.37114e-08, -1, 23.1064, 3.78384, -10.005)

[node name="FloorTrimC2" parent="BlueFloorTrim" index="14" instance=ExtResource("11_ryetl")]
transform = Transform3D(-4.37114e-08, 0, -1, 0, 1, 0, 1, 0, -4.37114e-08, 13, 0, 8.5)

[node name="FloorTrimA3" parent="BlueFloorTrim" index="15" instance=ExtResource("9_atiog")]
transform = Transform3D(1, 0, 0, 0, 1, 0, 0, 0, 1, 15.9583, 0, 8)

[node name="FloorTrimB5" parent="BlueFloorTrim" index="16" instance=ExtResource("10_tc77q")]
transform = Transform3D(1, 0, 0, 0, 1, 0, 0, 0, 1, 14, 0, 8)

[node name="FloorTrimC3" parent="BlueFloorTrim" index="17" instance=ExtResource("11_ryetl")]
transform = Transform3D(1, 0, 0, 0, 1, 0, 0, 0, 1, 17.9583, 0, 8)

[node name="FloorTrimA13" parent="BlueFloorTrim" index="18" instance=ExtResource("9_atiog")]
transform = Transform3D(1, 0, 0, 0, 1, 0, 0, 0, 1, 20, 5, 12)

[node name="FloorTrimB13" parent="BlueFloorTrim" index="19" instance=ExtResource("10_tc77q")]
transform = Transform3D(1, 0, 0, 0, 1, 0, 0, 0, 1, 18, 5, 12)

[node name="FloorTrimB36" parent="BlueFloorTrim" index="20" instance=ExtResource("10_tc77q")]
transform = Transform3D(-4.37114e-08, 0, -1, 0, 1, 0, 1, 0, -4.37114e-08, 13, 5, 11.25)

[node name="FloorTrimB37" parent="BlueFloorTrim" index="21" instance=ExtResource("10_tc77q")]
transform = Transform3D(-4.37114e-08, 0, -1, 0, 1, 0, 1, 0, -4.37114e-08, 13, 5, 9.25)

[node name="FloorTrimC9" parent="BlueFloorTrim" index="22" instance=ExtResource("11_ryetl")]
transform = Transform3D(1, 0, 0, 0, 1, 0, 0, 0, 1, 22, 5, 12)

[node name="FloorTrimA15" parent="BlueFloorTrim" index="23" instance=ExtResource("9_atiog")]
transform = Transform3D(-4.37114e-08, 0, 1, 0, 1, 0, -1, 0, -4.37114e-08, 29, 5, 9)

[node name="FloorTrimB15" parent="BlueFloorTrim" index="24" instance=ExtResource("10_tc77q")]
transform = Transform3D(-4.37114e-08, 0, 1, 0, 1, 0, -1, 0, -4.37114e-08, 29, 5, 11)

[node name="FloorTrimC11" parent="BlueFloorTrim" index="25" instance=ExtResource("11_ryetl")]
transform = Transform3D(-4.37114e-08, 0, 1, 0, 1, 0, -1, 0, -4.37114e-08, 29, 5, 7)

[node name="FloorTrimA16" parent="BlueFloorTrim" index="26" instance=ExtResource("9_atiog")]
transform = Transform3D(-4.37114e-08, 0, 1, 0, 1, 0, -1, 0, -4.37114e-08, 29, 5, 3)

[node name="FloorTrimB16" parent="BlueFloorTrim" index="27" instance=ExtResource("10_tc77q")]
transform = Transform3D(-4.37114e-08, 0, 1, 0, 1, 0, -1, 0, -4.37114e-08, 29, 5, 5)

[node name="FloorTrimC12" parent="BlueFloorTrim" index="28" instance=ExtResource("11_ryetl")]
transform = Transform3D(-4.37114e-08, 0, 1, 0, 1, 0, -1, 0, -4.37114e-08, 29, 5, 1)

[node name="FloorTrimA17" parent="BlueFloorTrim" index="29" instance=ExtResource("9_atiog")]
transform = Transform3D(-4.37114e-08, 0, 1, 0, 1, 0, -1, 0, -4.37114e-08, 29, 5, -3)

[node name="FloorTrimB17" parent="BlueFloorTrim" index="30" instance=ExtResource("10_tc77q")]
transform = Transform3D(-4.37114e-08, 0, 1, 0, 1, 0, -1, 0, -4.37114e-08, 29, 5, -1)

